,name,N,m,fm,h_MM,h_mm,tc,seed,network_id,node,label,degree,indegree,outdegree,pagerank
0,PATCH,1000,2,0.2,0.1,0.4,0.2,3072635950,,185,0,4,,,0.001010633750189835
1,PATCH,1000,2,0.2,0.1,0.4,0.2,3072635950,,276,0,4,,,0.0010338828033986662
2,PATCH,1000,2,0.2,0.1,0.4,0.2,3072635950,,748,0,2,,,0.0005345782015710172
3,PATCH,1000,2,0.2,0.1,0.4,0.2,3072635950,,490,0,5,,,0.0012769902672682776
4,PATCH,1000,2,0.2,0.1,0.4,0.2,3072635950,,139,0,6,,,0.0014586063393107426
5,PATCH,1000,2,0.2,0.1,0.4,0.2,3072635950,,930,0,2,,,0.0005919287024863672
6,PATCH,1000,2,0.2,0.1,0.4,0.2,3072635950,,672,0,2,,,0.0005448633667073801
7,PATCH,1000,2,0.2,0.1,0.4,0.2,3072635950,,898,0,2,,,0.0005640821306396133
8,PATCH,1000,2,0.2,0.1,0.4,0.2,3072635950,,92,0,5,,,0.0012269018348675072
9,PATCH,1000,2,0.2,0.1,0.4,0.2,3072635950,,362,0,5,,,0.001260994734804224
10,PATCH,1000,2,0.2,0.1,0.4,0.2,3072635950,,106,0,8,,,0.0018559381549128574
11,PATCH,1000,2,0.2,0.1,0.4,0.2,3072635950,,513,0,2,,,0.0005485223559712149
12,PATCH,1000,2,0.2,0.1,0.4,0.2,3072635950,,800,0,3,,,0.0008034190763177632
13,PATCH,1000,2,0.2,0.1,0.4,0.2,3072635950,,877,0,2,,,0.0005987962862185
14,PATCH,1000,2,0.2,0.1,0.4,0.2,3072635950,,331,0,4,,,0.0010106384582229328
15,PATCH,1000,2,0.2,0.1,0.4,0.2,3072635950,,366,0,2,,,0.0005523156826548322
16,PATCH,1000,2,0.2,0.1,0.4,0.2,3072635950,,369,0,2,,,0.000548269047657922
17,PATCH,1000,2,0.2,0.1,0.4,0.2,3072635950,,332,0,2,,,0.0005637007786073583
18,PATCH,1000,2,0.2,0.1,0.4,0.2,3072635950,,591,0,2,,,0.0005447071167906653
19,PATCH,1000,2,0.2,0.1,0.4,0.2,3072635950,,403,0,2,,,0.0005831679494602361
20,PATCH,1000,2,0.2,0.1,0.4,0.2,3072635950,,493,0,3,,,0.0008173006620841393
21,PATCH,1000,2,0.2,0.1,0.4,0.2,3072635950,,215,0,3,,,0.000800737781981762
22,PATCH,1000,2,0.2,0.1,0.4,0.2,3072635950,,175,0,7,,,0.001654306702944923
23,PATCH,1000,2,0.2,0.1,0.4,0.2,3072635950,,103,0,6,,,0.001506781417019385
24,PATCH,1000,2,0.2,0.1,0.4,0.2,3072635950,,962,0,2,,,0.0005446610193036539
25,PATCH,1000,2,0.2,0.1,0.4,0.2,3072635950,,498,0,2,,,0.0005235516322355585
26,PATCH,1000,2,0.2,0.1,0.4,0.2,3072635950,,264,0,5,,,0.0012459802622208087
27,PATCH,1000,2,0.2,0.1,0.4,0.2,3072635950,,626,0,3,,,0.0007930239502402573
28,PATCH,1000,2,0.2,0.1,0.4,0.2,3072635950,,574,0,2,,,0.0005699651186458197
29,PATCH,1000,2,0.2,0.1,0.4,0.2,3072635950,,772,0,2,,,0.0005761097791478324
30,PATCH,1000,2,0.2,0.1,0.4,0.2,3072635950,,950,0,2,,,0.0005578992782885183
31,PATCH,1000,2,0.2,0.1,0.4,0.2,3072635950,,886,0,2,,,0.0005183900779097434
32,PATCH,1000,2,0.2,0.1,0.4,0.2,3072635950,,687,0,4,,,0.0010413690811074475
33,PATCH,1000,2,0.2,0.1,0.4,0.2,3072635950,,743,0,2,,,0.0005962610852825245
34,PATCH,1000,2,0.2,0.1,0.4,0.2,3072635950,,600,0,3,,,0.0008382782897986983
35,PATCH,1000,2,0.2,0.1,0.4,0.2,3072635950,,952,0,2,,,0.0005929927282451454
36,PATCH,1000,2,0.2,0.1,0.4,0.2,3072635950,,476,0,2,,,0.0005163736325449476
37,PATCH,1000,2,0.2,0.1,0.4,0.2,3072635950,,623,0,2,,,0.0005665603589474241
38,PATCH,1000,2,0.2,0.1,0.4,0.2,3072635950,,205,0,4,,,0.0010340470213092352
39,PATCH,1000,2,0.2,0.1,0.4,0.2,3072635950,,426,0,2,,,0.0005344172268592437
40,PATCH,1000,2,0.2,0.1,0.4,0.2,3072635950,,409,0,2,,,0.000539172055779992
41,PATCH,1000,2,0.2,0.1,0.4,0.2,3072635950,,559,0,3,,,0.0008202391268249175
42,PATCH,1000,2,0.2,0.1,0.4,0.2,3072635950,,255,0,2,,,0.00054457003428522
43,PATCH,1000,2,0.2,0.1,0.4,0.2,3072635950,,815,0,2,,,0.0005580719032241105
44,PATCH,1000,2,0.2,0.1,0.4,0.2,3072635950,,226,0,3,,,0.0008077780281855128
45,PATCH,1000,2,0.2,0.1,0.4,0.2,3072635950,,840,0,2,,,0.0005951531650352473
46,PATCH,1000,2,0.2,0.1,0.4,0.2,3072635950,,283,0,4,,,0.0009965077099669522
47,PATCH,1000,2,0.2,0.1,0.4,0.2,3072635950,,865,0,4,,,0.0010485573385301278
48,PATCH,1000,2,0.2,0.1,0.4,0.2,3072635950,,796,0,2,,,0.000566665092025095
49,PATCH,1000,2,0.2,0.1,0.4,0.2,3072635950,,620,0,4,,,0.0009850260639633368
50,PATCH,1000,2,0.2,0.1,0.4,0.2,3072635950,,337,0,3,,,0.0008407523804410305
51,PATCH,1000,2,0.2,0.1,0.4,0.2,3072635950,,208,0,3,,,0.000769876163555988
52,PATCH,1000,2,0.2,0.1,0.4,0.2,3072635950,,531,0,4,,,0.0010061289410766207
53,PATCH,1000,2,0.2,0.1,0.4,0.2,3072635950,,164,0,7,,,0.0016810494564654852
54,PATCH,1000,2,0.2,0.1,0.4,0.2,3072635950,,250,0,3,,,0.0007644180164163327
55,PATCH,1000,2,0.2,0.1,0.4,0.2,3072635950,,736,0,2,,,0.0005398314642216076
56,PATCH,1000,2,0.2,0.1,0.4,0.2,3072635950,,57,0,13,,,0.003011523421959916
57,PATCH,1000,2,0.2,0.1,0.4,0.2,3072635950,,945,0,2,,,0.000617221610118197
58,PATCH,1000,2,0.2,0.1,0.4,0.2,3072635950,,824,0,3,,,0.000798919900303024
59,PATCH,1000,2,0.2,0.1,0.4,0.2,3072635950,,462,0,4,,,0.001052089410369732
60,PATCH,1000,2,0.2,0.1,0.4,0.2,3072635950,,316,0,3,,,0.0007801807057845676
61,PATCH,1000,2,0.2,0.1,0.4,0.2,3072635950,,17,0,10,,,0.0021857326145250547
62,PATCH,1000,2,0.2,0.1,0.4,0.2,3072635950,,241,0,6,,,0.0013919876182451616
63,PATCH,1000,2,0.2,0.1,0.4,0.2,3072635950,,694,0,3,,,0.0008110603005357168
64,PATCH,1000,2,0.2,0.1,0.4,0.2,3072635950,,946,0,2,,,0.000556102929631118
65,PATCH,1000,2,0.2,0.1,0.4,0.2,3072635950,,967,0,2,,,0.0005773050981802919
66,PATCH,1000,2,0.2,0.1,0.4,0.2,3072635950,,246,0,2,,,0.0005431695724382881
67,PATCH,1000,2,0.2,0.1,0.4,0.2,3072635950,,832,0,2,,,0.0005285758252008686
68,PATCH,1000,2,0.2,0.1,0.4,0.2,3072635950,,395,0,3,,,0.0007473892406719615
69,PATCH,1000,2,0.2,0.1,0.4,0.2,3072635950,,571,0,3,,,0.0007551602944620261
70,PATCH,1000,2,0.2,0.1,0.4,0.2,3072635950,,243,0,3,,,0.0007724641519505297
71,PATCH,1000,2,0.2,0.1,0.4,0.2,3072635950,,791,0,2,,,0.0006008282289782731
72,PATCH,1000,2,0.2,0.1,0.4,0.2,3072635950,,801,0,2,,,0.0005497102889719886
73,PATCH,1000,2,0.2,0.1,0.4,0.2,3072635950,,22,0,13,,,0.002956281344184956
74,PATCH,1000,2,0.2,0.1,0.4,0.2,3072635950,,488,0,3,,,0.0007798289706823003
75,PATCH,1000,2,0.2,0.1,0.4,0.2,3072635950,,387,0,2,,,0.0005504101208710849
76,PATCH,1000,2,0.2,0.1,0.4,0.2,3072635950,,518,0,3,,,0.000773577164259182
77,PATCH,1000,2,0.2,0.1,0.4,0.2,3072635950,,597,0,2,,,0.000562854884750238
78,PATCH,1000,2,0.2,0.1,0.4,0.2,3072635950,,658,0,3,,,0.0008397749590731382
79,PATCH,1000,2,0.2,0.1,0.4,0.2,3072635950,,860,0,2,,,0.000553181080080966
80,PATCH,1000,2,0.2,0.1,0.4,0.2,3072635950,,537,0,2,,,0.000540506919730372
81,PATCH,1000,2,0.2,0.1,0.4,0.2,3072635950,,76,0,11,,,0.002518746631533474
82,PATCH,1000,2,0.2,0.1,0.4,0.2,3072635950,,604,0,2,,,0.0005311997617991575
83,PATCH,1000,2,0.2,0.1,0.4,0.2,3072635950,,8,0,29,,,0.00626424488705476
84,PATCH,1000,2,0.2,0.1,0.4,0.2,3072635950,,534,0,3,,,0.0008224993262024527
85,PATCH,1000,2,0.2,0.1,0.4,0.2,3072635950,,484,0,3,,,0.0007533221725326162
86,PATCH,1000,2,0.2,0.1,0.4,0.2,3072635950,,684,0,2,,,0.0005774330061366337
87,PATCH,1000,2,0.2,0.1,0.4,0.2,3072635950,,764,0,3,,,0.0008001904849012705
88,PATCH,1000,2,0.2,0.1,0.4,0.2,3072635950,,449,0,2,,,0.0005779088276063487
89,PATCH,1000,2,0.2,0.1,0.4,0.2,3072635950,,34,0,8,,,0.001782678918997683
90,PATCH,1000,2,0.2,0.1,0.4,0.2,3072635950,,542,0,2,,,0.0005660148084509222
91,PATCH,1000,2,0.2,0.1,0.4,0.2,3072635950,,423,0,3,,,0.0008055756850080818
92,PATCH,1000,2,0.2,0.1,0.4,0.2,3072635950,,27,0,5,,,0.0011290176152580044
93,PATCH,1000,2,0.2,0.1,0.4,0.2,3072635950,,127,0,4,,,0.0010470417265222623
94,PATCH,1000,2,0.2,0.1,0.4,0.2,3072635950,,990,0,2,,,0.000590272498200492
95,PATCH,1000,2,0.2,0.1,0.4,0.2,3072635950,,914,0,2,,,0.0005716482154456976
96,PATCH,1000,2,0.2,0.1,0.4,0.2,3072635950,,344,0,2,,,0.00053694023744354
97,PATCH,1000,2,0.2,0.1,0.4,0.2,3072635950,,878,0,2,,,0.0005600772417143431
98,PATCH,1000,2,0.2,0.1,0.4,0.2,3072635950,,557,0,2,,,0.0005797120844249837
99,PATCH,1000,2,0.2,0.1,0.4,0.2,3072635950,,50,0,13,,,0.0030536421084545835
100,PATCH,1000,2,0.2,0.1,0.4,0.2,3072635950,,398,0,4,,,0.0009690301563099381
101,PATCH,1000,2,0.2,0.1,0.4,0.2,3072635950,,614,0,2,,,0.0005659480467807947
102,PATCH,1000,2,0.2,0.1,0.4,0.2,3072635950,,794,0,2,,,0.0005907243684250226
103,PATCH,1000,2,0.2,0.1,0.4,0.2,3072635950,,579,0,3,,,0.0008024744864008529
104,PATCH,1000,2,0.2,0.1,0.4,0.2,3072635950,,1,0,20,,,0.004354352423899922
105,PATCH,1000,2,0.2,0.1,0.4,0.2,3072635950,,466,0,3,,,0.0007953170670772997
106,PATCH,1000,2,0.2,0.1,0.4,0.2,3072635950,,240,0,3,,,0.0007834470398793287
107,PATCH,1000,2,0.2,0.1,0.4,0.2,3072635950,,690,0,2,,,0.0005811714846586047
108,PATCH,1000,2,0.2,0.1,0.4,0.2,3072635950,,671,0,3,,,0.0007772456778166816
109,PATCH,1000,2,0.2,0.1,0.4,0.2,3072635950,,10,0,32,,,0.006901838999858236
110,PATCH,1000,2,0.2,0.1,0.4,0.2,3072635950,,854,0,2,,,0.000538051872418866
111,PATCH,1000,2,0.2,0.1,0.4,0.2,3072635950,,329,0,2,,,0.0005354572106026504
112,PATCH,1000,2,0.2,0.1,0.4,0.2,3072635950,,669,0,2,,,0.0005547041250032496
113,PATCH,1000,2,0.2,0.1,0.4,0.2,3072635950,,577,0,2,,,0.000556102929631118
114,PATCH,1000,2,0.2,0.1,0.4,0.2,3072635950,,301,0,5,,,0.0012479251002533388
115,PATCH,1000,2,0.2,0.1,0.4,0.2,3072635950,,704,0,2,,,0.0005322920510272183
116,PATCH,1000,2,0.2,0.1,0.4,0.2,3072635950,,183,0,3,,,0.0007739130076020367
117,PATCH,1000,2,0.2,0.1,0.4,0.2,3072635950,,56,0,4,,,0.0009242881047062901
118,PATCH,1000,2,0.2,0.1,0.4,0.2,3072635950,,985,0,2,,,0.0005871007744290721
119,PATCH,1000,2,0.2,0.1,0.4,0.2,3072635950,,377,0,2,,,0.0005465107885607474
120,PATCH,1000,2,0.2,0.1,0.4,0.2,3072635950,,673,0,2,,,0.0005893002786704421
121,PATCH,1000,2,0.2,0.1,0.4,0.2,3072635950,,825,0,2,,,0.0006150888767129312
122,PATCH,1000,2,0.2,0.1,0.4,0.2,3072635950,,747,0,2,,,0.0005566531082402262
123,PATCH,1000,2,0.2,0.1,0.4,0.2,3072635950,,391,0,3,,,0.0007561631122347424
124,PATCH,1000,2,0.2,0.1,0.4,0.2,3072635950,,133,0,5,,,0.001261459548896989
125,PATCH,1000,2,0.2,0.1,0.4,0.2,3072635950,,5,0,22,,,0.004977190098808066
126,PATCH,1000,2,0.2,0.1,0.4,0.2,3072635950,,128,0,5,,,0.001224174055993138
127,PATCH,1000,2,0.2,0.1,0.4,0.2,3072635950,,979,0,2,,,0.0006020334051116377
128,PATCH,1000,2,0.2,0.1,0.4,0.2,3072635950,,892,0,2,,,0.0005461004746972916
129,PATCH,1000,2,0.2,0.1,0.4,0.2,3072635950,,676,0,2,,,0.0005362040149078702
130,PATCH,1000,2,0.2,0.1,0.4,0.2,3072635950,,627,0,2,,,0.0005599993827784988
131,PATCH,1000,2,0.2,0.1,0.4,0.2,3072635950,,921,0,2,,,0.0005914459408171091
132,PATCH,1000,2,0.2,0.1,0.4,0.2,3072635950,,705,0,3,,,0.0007937832832295884
133,PATCH,1000,2,0.2,0.1,0.4,0.2,3072635950,,405,0,4,,,0.0010246297894899723
134,PATCH,1000,2,0.2,0.1,0.4,0.2,3072635950,,909,0,2,,,0.0005575089040145459
135,PATCH,1000,2,0.2,0.1,0.4,0.2,3072635950,,917,0,2,,,0.0005343248932577242
136,PATCH,1000,2,0.2,0.1,0.4,0.2,3072635950,,593,0,2,,,0.0005398227578243707
137,PATCH,1000,2,0.2,0.1,0.4,0.2,3072635950,,211,0,6,,,0.0014755379966021867
138,PATCH,1000,2,0.2,0.1,0.4,0.2,3072635950,,21,0,7,,,0.0016004478708671246
139,PATCH,1000,2,0.2,0.1,0.4,0.2,3072635950,,66,0,3,,,0.0007931782148728095
140,PATCH,1000,2,0.2,0.1,0.4,0.2,3072635950,,635,0,2,,,0.0005317661023314516
141,PATCH,1000,2,0.2,0.1,0.4,0.2,3072635950,,567,0,7,,,0.001783673121375349
142,PATCH,1000,2,0.2,0.1,0.4,0.2,3072635950,,282,0,3,,,0.0007683441998435397
143,PATCH,1000,2,0.2,0.1,0.4,0.2,3072635950,,924,0,2,,,0.0005569074804637956
144,PATCH,1000,2,0.2,0.1,0.4,0.2,3072635950,,281,0,12,,,0.002830167128658341
145,PATCH,1000,2,0.2,0.1,0.4,0.2,3072635950,,273,0,2,,,0.0005608644154071646
146,PATCH,1000,2,0.2,0.1,0.4,0.2,3072635950,,397,0,3,,,0.0007925877285960396
147,PATCH,1000,2,0.2,0.1,0.4,0.2,3072635950,,525,0,3,,,0.0008102954726803937
148,PATCH,1000,2,0.2,0.1,0.4,0.2,3072635950,,75,0,16,,,0.003541427428188394
149,PATCH,1000,2,0.2,0.1,0.4,0.2,3072635950,,375,0,3,,,0.0007781003523224914
150,PATCH,1000,2,0.2,0.1,0.4,0.2,3072635950,,357,0,6,,,0.0014836610919674942
151,PATCH,1000,2,0.2,0.1,0.4,0.2,3072635950,,988,0,2,,,0.0005725800564069125
152,PATCH,1000,2,0.2,0.1,0.4,0.2,3072635950,,681,0,2,,,0.0005398693286612689
153,PATCH,1000,2,0.2,0.1,0.4,0.2,3072635950,,158,0,6,,,0.0014861944485935368
154,PATCH,1000,2,0.2,0.1,0.4,0.2,3072635950,,151,0,4,,,0.0009924474686158174
155,PATCH,1000,2,0.2,0.1,0.4,0.2,3072635950,,349,0,4,,,0.0010534913220311833
156,PATCH,1000,2,0.2,0.1,0.4,0.2,3072635950,,141,0,7,,,0.001665781002424744
157,PATCH,1000,2,0.2,0.1,0.4,0.2,3072635950,,532,0,2,,,0.0005301273706334156
158,PATCH,1000,2,0.2,0.1,0.4,0.2,3072635950,,154,0,9,,,0.0020882108833220384
159,PATCH,1000,2,0.2,0.1,0.4,0.2,3072635950,,560,0,4,,,0.0010255693627699834
160,PATCH,1000,2,0.2,0.1,0.4,0.2,3072635950,,223,0,2,,,0.0005534294760426079
161,PATCH,1000,2,0.2,0.1,0.4,0.2,3072635950,,345,0,4,,,0.0010285316606177728
162,PATCH,1000,2,0.2,0.1,0.4,0.2,3072635950,,595,0,2,,,0.0005520826027308204
163,PATCH,1000,2,0.2,0.1,0.4,0.2,3072635950,,806,0,2,,,0.0005336994180219608
164,PATCH,1000,2,0.2,0.1,0.4,0.2,3072635950,,585,0,3,,,0.0008212791630947456
165,PATCH,1000,2,0.2,0.1,0.4,0.2,3072635950,,818,0,2,,,0.0005632187977619983
166,PATCH,1000,2,0.2,0.1,0.4,0.2,3072635950,,138,0,4,,,0.0009962409266769323
167,PATCH,1000,2,0.2,0.1,0.4,0.2,3072635950,,907,0,2,,,0.0005534047904015188
168,PATCH,1000,2,0.2,0.1,0.4,0.2,3072635950,,911,0,2,,,0.000552172845296603
169,PATCH,1000,2,0.2,0.1,0.4,0.2,3072635950,,259,0,5,,,0.001236442352567899
170,PATCH,1000,2,0.2,0.1,0.4,0.2,3072635950,,510,0,3,,,0.0008153701264121715
171,PATCH,1000,2,0.2,0.1,0.4,0.2,3072635950,,722,0,5,,,0.0012174602802330525
172,PATCH,1000,2,0.2,0.1,0.4,0.2,3072635950,,326,0,2,,,0.0005541232023456123
173,PATCH,1000,2,0.2,0.1,0.4,0.2,3072635950,,552,0,2,,,0.0005742665628906139
174,PATCH,1000,2,0.2,0.1,0.4,0.2,3072635950,,773,0,2,,,0.0005944812188327035
175,PATCH,1000,2,0.2,0.1,0.4,0.2,3072635950,,93,0,4,,,0.0009912783412256065
176,PATCH,1000,2,0.2,0.1,0.4,0.2,3072635950,,232,0,2,,,0.0005339491304548982
177,PATCH,1000,2,0.2,0.1,0.4,0.2,3072635950,,883,0,2,,,0.0006015176540555923
178,PATCH,1000,2,0.2,0.1,0.4,0.2,3072635950,,467,0,2,,,0.0005406086466534475
179,PATCH,1000,2,0.2,0.1,0.4,0.2,3072635950,,48,0,29,,,0.006489229287279754
180,PATCH,1000,2,0.2,0.1,0.4,0.2,3072635950,,321,0,3,,,0.0008020171034306172
181,PATCH,1000,2,0.2,0.1,0.4,0.2,3072635950,,417,0,3,,,0.0008249935217304865
182,PATCH,1000,2,0.2,0.1,0.4,0.2,3072635950,,448,0,2,,,0.0005431162663660625
183,PATCH,1000,2,0.2,0.1,0.4,0.2,3072635950,,618,0,2,,,0.0005765176088126279
184,PATCH,1000,2,0.2,0.1,0.4,0.2,3072635950,,38,0,2,,,0.0005212082009308224
185,PATCH,1000,2,0.2,0.1,0.4,0.2,3072635950,,996,0,2,,,0.000539232320843998
186,PATCH,1000,2,0.2,0.1,0.4,0.2,3072635950,,136,0,5,,,0.001173761736404064
187,PATCH,1000,2,0.2,0.1,0.4,0.2,3072635950,,904,0,2,,,0.0006057400114077102
188,PATCH,1000,2,0.2,0.1,0.4,0.2,3072635950,,91,0,2,,,0.0005266807344235155
189,PATCH,1000,2,0.2,0.1,0.4,0.2,3072635950,,123,0,2,,,0.0005355358529483363
190,PATCH,1000,2,0.2,0.1,0.4,0.2,3072635950,,174,0,4,,,0.0010128963296485473
191,PATCH,1000,2,0.2,0.1,0.4,0.2,3072635950,,368,0,5,,,0.0012522429666616743
192,PATCH,1000,2,0.2,0.1,0.4,0.2,3072635950,,661,0,2,,,0.000561474771652008
193,PATCH,1000,2,0.2,0.1,0.4,0.2,3072635950,,805,0,3,,,0.0008457651995341179
194,PATCH,1000,2,0.2,0.1,0.4,0.2,3072635950,,984,0,2,,,0.0005980514215427543
195,PATCH,1000,2,0.2,0.1,0.4,0.2,3072635950,,137,0,3,,,0.0007372129726650001
196,PATCH,1000,2,0.2,0.1,0.4,0.2,3072635950,,912,0,2,,,0.0005215916985481386
197,PATCH,1000,2,0.2,0.1,0.4,0.2,3072635950,,843,0,2,,,0.0005681057600520399
198,PATCH,1000,2,0.2,0.1,0.4,0.2,3072635950,,757,0,2,,,0.0005747911485706041
199,PATCH,1000,2,0.2,0.1,0.4,0.2,3072635950,,90,0,10,,,0.002299797868760713
200,PATCH,1000,2,0.2,0.1,0.4,0.2,3072635950,,738,0,2,,,0.0006192758236096378
201,PATCH,1000,2,0.2,0.1,0.4,0.2,3072635950,,469,0,2,,,0.0006020872336186009
202,PATCH,1000,2,0.2,0.1,0.4,0.2,3072635950,,611,0,2,,,0.0005776979474436529
203,PATCH,1000,2,0.2,0.1,0.4,0.2,3072635950,,35,0,4,,,0.0009929341473429048
204,PATCH,1000,2,0.2,0.1,0.4,0.2,3072635950,,454,0,6,,,0.001495826745797295
205,PATCH,1000,2,0.2,0.1,0.4,0.2,3072635950,,970,0,2,,,0.0005552009539877248
206,PATCH,1000,2,0.2,0.1,0.4,0.2,3072635950,,675,0,4,,,0.0010193782002176249
207,PATCH,1000,2,0.2,0.1,0.4,0.2,3072635950,,708,0,2,,,0.0005534086485207055
208,PATCH,1000,2,0.2,0.1,0.4,0.2,3072635950,,425,0,2,,,0.0005284440086682055
209,PATCH,1000,2,0.2,0.1,0.4,0.2,3072635950,,54,0,12,,,0.0027775423387147893
210,PATCH,1000,2,0.2,0.1,0.4,0.2,3072635950,,539,0,4,,,0.001020575352094928
211,PATCH,1000,2,0.2,0.1,0.4,0.2,3072635950,,714,0,2,,,0.0005308441566070454
212,PATCH,1000,2,0.2,0.1,0.4,0.2,3072635950,,160,0,3,,,0.0007615292046048461
213,PATCH,1000,2,0.2,0.1,0.4,0.2,3072635950,,649,0,2,,,0.0005864573399148532
214,PATCH,1000,2,0.2,0.1,0.4,0.2,3072635950,,365,0,3,,,0.0008209651907035034
215,PATCH,1000,2,0.2,0.1,0.4,0.2,3072635950,,706,0,2,,,0.0005636918888993939
216,PATCH,1000,2,0.2,0.1,0.4,0.2,3072635950,,253,0,2,,,0.0005473615986367899
217,PATCH,1000,2,0.2,0.1,0.4,0.2,3072635950,,292,0,2,,,0.0005520292095743863
218,PATCH,1000,2,0.2,0.1,0.4,0.2,3072635950,,701,0,2,,,0.0005395388782724407
219,PATCH,1000,2,0.2,0.1,0.4,0.2,3072635950,,373,0,2,,,0.0005589481184584791
220,PATCH,1000,2,0.2,0.1,0.4,0.2,3072635950,,871,0,2,,,0.0006107826402120609
221,PATCH,1000,2,0.2,0.1,0.4,0.2,3072635950,,720,0,2,,,0.0005599239875216654
222,PATCH,1000,2,0.2,0.1,0.4,0.2,3072635950,,358,0,4,,,0.0010525181948941183
223,PATCH,1000,2,0.2,0.1,0.4,0.2,3072635950,,13,0,7,,,0.0015609180429569567
224,PATCH,1000,2,0.2,0.1,0.4,0.2,3072635950,,105,0,6,,,0.0013862717962168601
225,PATCH,1000,2,0.2,0.1,0.4,0.2,3072635950,,167,0,5,,,0.0012024772647574744
226,PATCH,1000,2,0.2,0.1,0.4,0.2,3072635950,,293,0,4,,,0.0010763421589206172
227,PATCH,1000,2,0.2,0.1,0.4,0.2,3072635950,,644,0,2,,,0.0005766706280172355
228,PATCH,1000,2,0.2,0.1,0.4,0.2,3072635950,,822,0,2,,,0.0005955574157141015
229,PATCH,1000,2,0.2,0.1,0.4,0.2,3072635950,,619,0,3,,,0.0007719229552120429
230,PATCH,1000,2,0.2,0.1,0.4,0.2,3072635950,,986,0,2,,,0.0005919653448889172
231,PATCH,1000,2,0.2,0.1,0.4,0.2,3072635950,,456,0,3,,,0.0007723195355977694
232,PATCH,1000,2,0.2,0.1,0.4,0.2,3072635950,,893,0,2,,,0.0005497274976758134
233,PATCH,1000,2,0.2,0.1,0.4,0.2,3072635950,,203,0,3,,,0.0007839113249043658
234,PATCH,1000,2,0.2,0.1,0.4,0.2,3072635950,,915,0,2,,,0.0005555117627855722
235,PATCH,1000,2,0.2,0.1,0.4,0.2,3072635950,,95,0,10,,,0.0023237371380204334
236,PATCH,1000,2,0.2,0.1,0.4,0.2,3072635950,,987,0,2,,,0.0005863922889103415
237,PATCH,1000,2,0.2,0.1,0.4,0.2,3072635950,,82,0,2,,,0.0005181717860988973
238,PATCH,1000,2,0.2,0.1,0.4,0.2,3072635950,,152,0,8,,,0.0019068714092995208
239,PATCH,1000,2,0.2,0.1,0.4,0.2,3072635950,,420,0,4,,,0.0010564950984475018
240,PATCH,1000,2,0.2,0.1,0.4,0.2,3072635950,,660,0,4,,,0.0010639736369781503
241,PATCH,1000,2,0.2,0.1,0.4,0.2,3072635950,,89,0,5,,,0.0012487268102191974
242,PATCH,1000,2,0.2,0.1,0.4,0.2,3072635950,,159,0,4,,,0.001006857021678794
243,PATCH,1000,2,0.2,0.1,0.4,0.2,3072635950,,224,0,5,,,0.0012297123120910214
244,PATCH,1000,2,0.2,0.1,0.4,0.2,3072635950,,735,0,2,,,0.0005304164778248892
245,PATCH,1000,2,0.2,0.1,0.4,0.2,3072635950,,100,0,21,,,0.0047152050725707065
246,PATCH,1000,2,0.2,0.1,0.4,0.2,3072635950,,959,0,2,,,0.000562672972352618
247,PATCH,1000,2,0.2,0.1,0.4,0.2,3072635950,,256,0,2,,,0.0005529534552123921
248,PATCH,1000,2,0.2,0.1,0.4,0.2,3072635950,,749,0,2,,,0.0005532157813771951
249,PATCH,1000,2,0.2,0.1,0.4,0.2,3072635950,,650,0,2,,,0.0005347229128073445
250,PATCH,1000,2,0.2,0.1,0.4,0.2,3072635950,,852,0,2,,,0.0005803059332332898
251,PATCH,1000,2,0.2,0.1,0.4,0.2,3072635950,,949,0,2,,,0.0005413237073757824
252,PATCH,1000,2,0.2,0.1,0.4,0.2,3072635950,,645,0,2,,,0.0005499046401044449
253,PATCH,1000,2,0.2,0.1,0.4,0.2,3072635950,,453,0,2,,,0.0005566899582608693
254,PATCH,1000,2,0.2,0.1,0.4,0.2,3072635950,,991,0,2,,,0.0005391048144376103
255,PATCH,1000,2,0.2,0.1,0.4,0.2,3072635950,,520,0,2,,,0.0005835233418160466
256,PATCH,1000,2,0.2,0.1,0.4,0.2,3072635950,,385,0,2,,,0.0005351265670380917
257,PATCH,1000,2,0.2,0.1,0.4,0.2,3072635950,,178,0,6,,,0.0014563500672381408
258,PATCH,1000,2,0.2,0.1,0.4,0.2,3072635950,,25,0,10,,,0.0021559636763515246
259,PATCH,1000,2,0.2,0.1,0.4,0.2,3072635950,,759,0,2,,,0.0006049996549457591
260,PATCH,1000,2,0.2,0.1,0.4,0.2,3072635950,,324,0,7,,,0.001729874163256127
261,PATCH,1000,2,0.2,0.1,0.4,0.2,3072635950,,372,0,3,,,0.0008034235804453957
262,PATCH,1000,2,0.2,0.1,0.4,0.2,3072635950,,71,0,3,,,0.0007524669721886749
263,PATCH,1000,2,0.2,0.1,0.4,0.2,3072635950,,379,0,3,,,0.000803965755214183
264,PATCH,1000,2,0.2,0.1,0.4,0.2,3072635950,,606,0,3,,,0.0008146765307462884
265,PATCH,1000,2,0.2,0.1,0.4,0.2,3072635950,,140,0,3,,,0.0007890247776688132
266,PATCH,1000,2,0.2,0.1,0.4,0.2,3072635950,,267,0,6,,,0.0014518567021565352
267,PATCH,1000,2,0.2,0.1,0.4,0.2,3072635950,,245,0,6,,,0.0015129716539206987
268,PATCH,1000,2,0.2,0.1,0.4,0.2,3072635950,,464,0,2,,,0.0005704574829293
269,PATCH,1000,2,0.2,0.1,0.4,0.2,3072635950,,31,0,3,,,0.0007781799072887391
270,PATCH,1000,2,0.2,0.1,0.4,0.2,3072635950,,678,0,2,,,0.0005654273675017648
271,PATCH,1000,2,0.2,0.1,0.4,0.2,3072635950,,888,0,2,,,0.0005422110558061989
272,PATCH,1000,2,0.2,0.1,0.4,0.2,3072635950,,18,0,12,,,0.002723090806888322
273,PATCH,1000,2,0.2,0.1,0.4,0.2,3072635950,,244,0,2,,,0.0005533688507604095
274,PATCH,1000,2,0.2,0.1,0.4,0.2,3072635950,,802,0,2,,,0.0005533944380546899
275,PATCH,1000,2,0.2,0.1,0.4,0.2,3072635950,,934,0,2,,,0.0005679794238344401
276,PATCH,1000,2,0.2,0.1,0.4,0.2,3072635950,,629,0,2,,,0.0005810369998523818
277,PATCH,1000,2,0.2,0.1,0.4,0.2,3072635950,,15,0,7,,,0.001557493791200748
278,PATCH,1000,2,0.2,0.1,0.4,0.2,3072635950,,750,0,2,,,0.0005662790758006141
279,PATCH,1000,2,0.2,0.1,0.4,0.2,3072635950,,793,0,3,,,0.0008224115180377191
280,PATCH,1000,2,0.2,0.1,0.4,0.2,3072635950,,647,0,2,,,0.0006004759848101935
281,PATCH,1000,2,0.2,0.1,0.4,0.2,3072635950,,334,0,4,,,0.00102236584628451
282,PATCH,1000,2,0.2,0.1,0.4,0.2,3072635950,,41,0,8,,,0.0017834909971836273
283,PATCH,1000,2,0.2,0.1,0.4,0.2,3072635950,,656,0,2,,,0.0005624050833235325
284,PATCH,1000,2,0.2,0.1,0.4,0.2,3072635950,,268,0,2,,,0.000529611184693627
285,PATCH,1000,2,0.2,0.1,0.4,0.2,3072635950,,182,0,4,,,0.0009981731484802843
286,PATCH,1000,2,0.2,0.1,0.4,0.2,3072635950,,923,0,2,,,0.0005544321857857468
287,PATCH,1000,2,0.2,0.1,0.4,0.2,3072635950,,225,0,7,,,0.0017635800127251868
288,PATCH,1000,2,0.2,0.1,0.4,0.2,3072635950,,867,0,2,,,0.0005917452056719012
289,PATCH,1000,2,0.2,0.1,0.4,0.2,3072635950,,406,0,3,,,0.0007907790397259807
290,PATCH,1000,2,0.2,0.1,0.4,0.2,3072635950,,963,0,2,,,0.0005650882330754433
291,PATCH,1000,2,0.2,0.1,0.4,0.2,3072635950,,788,0,2,,,0.0005565447239224456
292,PATCH,1000,2,0.2,0.1,0.4,0.2,3072635950,,325,0,3,,,0.00079691824548764
293,PATCH,1000,2,0.2,0.1,0.4,0.2,3072635950,,231,0,3,,,0.0007537263016468653
294,PATCH,1000,2,0.2,0.1,0.4,0.2,3072635950,,270,0,2,,,0.0005509141954815883
295,PATCH,1000,2,0.2,0.1,0.4,0.2,3072635950,,956,0,2,,,0.0005892765632658336
296,PATCH,1000,2,0.2,0.1,0.4,0.2,3072635950,,691,0,2,,,0.0005491166398066417
297,PATCH,1000,2,0.2,0.1,0.4,0.2,3072635950,,371,0,2,,,0.000557531030078431
298,PATCH,1000,2,0.2,0.1,0.4,0.2,3072635950,,481,0,2,,,0.0005322799037143465
299,PATCH,1000,2,0.2,0.1,0.4,0.2,3072635950,,237,0,2,,,0.0005317661023314516
300,PATCH,1000,2,0.2,0.1,0.4,0.2,3072635950,,940,0,2,,,0.0005468394211502624
301,PATCH,1000,2,0.2,0.1,0.4,0.2,3072635950,,110,0,10,,,0.002337981321250761
302,PATCH,1000,2,0.2,0.1,0.4,0.2,3072635950,,856,0,2,,,0.0005731101905342633
303,PATCH,1000,2,0.2,0.1,0.4,0.2,3072635950,,765,0,2,,,0.0005804235944607223
304,PATCH,1000,2,0.2,0.1,0.4,0.2,3072635950,,353,0,3,,,0.0007427268100308399
305,PATCH,1000,2,0.2,0.1,0.4,0.2,3072635950,,23,0,8,,,0.001845765861717971
306,PATCH,1000,2,0.2,0.1,0.4,0.2,3072635950,,651,0,2,,,0.0005454491608379281
307,PATCH,1000,2,0.2,0.1,0.4,0.2,3072635950,,809,0,2,,,0.0006022797434206637
308,PATCH,1000,2,0.2,0.1,0.4,0.2,3072635950,,20,0,48,,,0.010438119013990662
309,PATCH,1000,2,0.2,0.1,0.4,0.2,3072635950,,163,0,8,,,0.0019131875705542091
310,PATCH,1000,2,0.2,0.1,0.4,0.2,3072635950,,43,0,12,,,0.0026328156279220465
311,PATCH,1000,2,0.2,0.1,0.4,0.2,3072635950,,251,0,3,,,0.0007803411267160746
312,PATCH,1000,2,0.2,0.1,0.4,0.2,3072635950,,502,0,3,,,0.0008492842660482071
313,PATCH,1000,2,0.2,0.1,0.4,0.2,3072635950,,879,0,3,,,0.0008092894335330643
314,PATCH,1000,2,0.2,0.1,0.4,0.2,3072635950,,381,0,4,,,0.001052254743642141
315,PATCH,1000,2,0.2,0.1,0.4,0.2,3072635950,,216,0,2,,,0.000532470495664118
316,PATCH,1000,2,0.2,0.1,0.4,0.2,3072635950,,261,0,2,,,0.0005344935815294303
317,PATCH,1000,2,0.2,0.1,0.4,0.2,3072635950,,62,0,26,,,0.005946197747659596
318,PATCH,1000,2,0.2,0.1,0.4,0.2,3072635950,,797,0,2,,,0.0005200822792997335
319,PATCH,1000,2,0.2,0.1,0.4,0.2,3072635950,,609,0,2,,,0.0005306800171883029
320,PATCH,1000,2,0.2,0.1,0.4,0.2,3072635950,,654,0,2,,,0.000541802851031744
321,PATCH,1000,2,0.2,0.1,0.4,0.2,3072635950,,508,0,2,,,0.0005126942086879988
322,PATCH,1000,2,0.2,0.1,0.4,0.2,3072635950,,653,0,2,,,0.0005612047812298243
323,PATCH,1000,2,0.2,0.1,0.4,0.2,3072635950,,977,0,2,,,0.000578191901840055
324,PATCH,1000,2,0.2,0.1,0.4,0.2,3072635950,,733,0,3,,,0.0007820483433108577
325,PATCH,1000,2,0.2,0.1,0.4,0.2,3072635950,,975,0,2,,,0.000587882945666864
326,PATCH,1000,2,0.2,0.1,0.4,0.2,3072635950,,535,0,2,,,0.0005702902286075958
327,PATCH,1000,2,0.2,0.1,0.4,0.2,3072635950,,459,0,4,,,0.0010536615004799158
328,PATCH,1000,2,0.2,0.1,0.4,0.2,3072635950,,49,0,5,,,0.0011778190955910974
329,PATCH,1000,2,0.2,0.1,0.4,0.2,3072635950,,625,0,3,,,0.0008020587218542517
330,PATCH,1000,2,0.2,0.1,0.4,0.2,3072635950,,74,0,5,,,0.001230698702201977
331,PATCH,1000,2,0.2,0.1,0.4,0.2,3072635950,,424,0,3,,,0.0008018842111803001
332,PATCH,1000,2,0.2,0.1,0.4,0.2,3072635950,,578,0,3,,,0.0008007181795877146
333,PATCH,1000,2,0.2,0.1,0.4,0.2,3072635950,,306,0,2,,,0.0005483668482828407
334,PATCH,1000,2,0.2,0.1,0.4,0.2,3072635950,,452,0,5,,,0.0012775242035537612
335,PATCH,1000,2,0.2,0.1,0.4,0.2,3072635950,,719,0,2,,,0.0005297622232297316
336,PATCH,1000,2,0.2,0.1,0.4,0.2,3072635950,,430,0,5,,,0.0013252095778307374
337,PATCH,1000,2,0.2,0.1,0.4,0.2,3072635950,,460,0,3,,,0.0007766576817701555
338,PATCH,1000,2,0.2,0.1,0.4,0.2,3072635950,,9,0,3,,,0.0007526479494133414
339,PATCH,1000,2,0.2,0.1,0.4,0.2,3072635950,,862,0,2,,,0.0005810746507972565
340,PATCH,1000,2,0.2,0.1,0.4,0.2,3072635950,,58,0,13,,,0.003028131925997568
341,PATCH,1000,2,0.2,0.1,0.4,0.2,3072635950,,780,0,3,,,0.0008216857272567591
342,PATCH,1000,2,0.2,0.1,0.4,0.2,3072635950,,608,0,4,,,0.001021735276163988
343,PATCH,1000,2,0.2,0.1,0.4,0.2,3072635950,,549,0,2,,,0.0005605616756204951
344,PATCH,1000,2,0.2,0.1,0.4,0.2,3072635950,,598,0,3,,,0.0008112717641140336
345,PATCH,1000,2,0.2,0.1,0.4,0.2,3072635950,,880,0,2,,,0.0005810066482035606
346,PATCH,1000,2,0.2,0.1,0.4,0.2,3072635950,,668,0,2,,,0.0005865477426823691
347,PATCH,1000,2,0.2,0.1,0.4,0.2,3072635950,,59,0,21,,,0.004746412484237221
348,PATCH,1000,2,0.2,0.1,0.4,0.2,3072635950,,778,0,2,,,0.0005355958471692671
349,PATCH,1000,2,0.2,0.1,0.4,0.2,3072635950,,787,0,2,,,0.0006060654054433304
350,PATCH,1000,2,0.2,0.1,0.4,0.2,3072635950,,899,0,2,,,0.0005650882330754433
351,PATCH,1000,2,0.2,0.1,0.4,0.2,3072635950,,994,0,2,,,0.0005822512568814582
352,PATCH,1000,2,0.2,0.1,0.4,0.2,3072635950,,376,0,2,,,0.0005742950271064917
353,PATCH,1000,2,0.2,0.1,0.4,0.2,3072635950,,630,0,3,,,0.0007800114232554286
354,PATCH,1000,2,0.2,0.1,0.4,0.2,3072635950,,473,0,2,,,0.0005652418734554826
355,PATCH,1000,2,0.2,0.1,0.4,0.2,3072635950,,40,0,8,,,0.0018421209815257
356,PATCH,1000,2,0.2,0.1,0.4,0.2,3072635950,,188,0,2,,,0.0005293061833533902
357,PATCH,1000,2,0.2,0.1,0.4,0.2,3072635950,,16,0,18,,,0.003884873535804076
358,PATCH,1000,2,0.2,0.1,0.4,0.2,3072635950,,936,0,2,,,0.0005563629131885238
359,PATCH,1000,2,0.2,0.1,0.4,0.2,3072635950,,785,0,2,,,0.0005917876994496091
360,PATCH,1000,2,0.2,0.1,0.4,0.2,3072635950,,755,0,2,,,0.0005274164750681128
361,PATCH,1000,2,0.2,0.1,0.4,0.2,3072635950,,370,0,2,,,0.0005429561621703676
362,PATCH,1000,2,0.2,0.1,0.4,0.2,3072635950,,533,0,3,,,0.0007897376135118572
363,PATCH,1000,2,0.2,0.1,0.4,0.2,3072635950,,725,0,2,,,0.0005320616119035004
364,PATCH,1000,2,0.2,0.1,0.4,0.2,3072635950,,213,0,4,,,0.0010254623087777325
365,PATCH,1000,2,0.2,0.1,0.4,0.2,3072635950,,607,0,2,,,0.0005635420102467994
366,PATCH,1000,2,0.2,0.1,0.4,0.2,3072635950,,834,0,2,,,0.0005452689959410853
367,PATCH,1000,2,0.2,0.1,0.4,0.2,3072635950,,716,0,2,,,0.0005345083238148808
368,PATCH,1000,2,0.2,0.1,0.4,0.2,3072635950,,427,0,2,,,0.000543932860903119
369,PATCH,1000,2,0.2,0.1,0.4,0.2,3072635950,,184,0,4,,,0.0009843134433077433
370,PATCH,1000,2,0.2,0.1,0.4,0.2,3072635950,,109,0,13,,,0.002994449249758698
371,PATCH,1000,2,0.2,0.1,0.4,0.2,3072635950,,763,0,2,,,0.0005483085352866436
372,PATCH,1000,2,0.2,0.1,0.4,0.2,3072635950,,117,0,6,,,0.0014686604622157233
373,PATCH,1000,2,0.2,0.1,0.4,0.2,3072635950,,308,0,4,,,0.0010183605895908176
374,PATCH,1000,2,0.2,0.1,0.4,0.2,3072635950,,393,0,3,,,0.0007811613721878556
375,PATCH,1000,2,0.2,0.1,0.4,0.2,3072635950,,955,0,2,,,0.0005932611222232356
376,PATCH,1000,2,0.2,0.1,0.4,0.2,3072635950,,126,0,10,,,0.0023319318927857422
377,PATCH,1000,2,0.2,0.1,0.4,0.2,3072635950,,218,0,4,,,0.0010240958918277978
378,PATCH,1000,2,0.2,0.1,0.4,0.2,3072635950,,648,0,2,,,0.0005779168024197288
379,PATCH,1000,2,0.2,0.1,0.4,0.2,3072635950,,347,0,3,,,0.0007727556594372783
380,PATCH,1000,2,0.2,0.1,0.4,0.2,3072635950,,305,0,3,,,0.0007418959642816771
381,PATCH,1000,2,0.2,0.1,0.4,0.2,3072635950,,274,0,2,,,0.0005475191351205226
382,PATCH,1000,2,0.2,0.1,0.4,0.2,3072635950,,204,0,2,,,0.0005611897947413601
383,PATCH,1000,2,0.2,0.1,0.4,0.2,3072635950,,335,0,2,,,0.0005284440086682055
384,PATCH,1000,2,0.2,0.1,0.4,0.2,3072635950,,433,0,3,,,0.0008176299795157205
385,PATCH,1000,2,0.2,0.1,0.4,0.2,3072635950,,960,0,2,,,0.0005542284891615442
386,PATCH,1000,2,0.2,0.1,0.4,0.2,3072635950,,730,0,4,,,0.001014959510265046
387,PATCH,1000,2,0.2,0.1,0.4,0.2,3072635950,,396,0,3,,,0.0007827915013146847
388,PATCH,1000,2,0.2,0.1,0.4,0.2,3072635950,,529,0,2,,,0.0005429561621703676
389,PATCH,1000,2,0.2,0.1,0.4,0.2,3072635950,,199,0,11,,,0.0025511172915751164
390,PATCH,1000,2,0.2,0.1,0.4,0.2,3072635950,,913,0,2,,,0.0005950772018286777
391,PATCH,1000,2,0.2,0.1,0.4,0.2,3072635950,,846,0,2,,,0.0005736490602338563
392,PATCH,1000,2,0.2,0.1,0.4,0.2,3072635950,,145,0,10,,,0.0023751075514533058
393,PATCH,1000,2,0.2,0.1,0.4,0.2,3072635950,,119,0,2,,,0.0005300726729176656
394,PATCH,1000,2,0.2,0.1,0.4,0.2,3072635950,,432,0,2,,,0.0005982238047444691
395,PATCH,1000,2,0.2,0.1,0.4,0.2,3072635950,,497,0,4,,,0.0010136103524930285
396,PATCH,1000,2,0.2,0.1,0.4,0.2,3072635950,,902,0,2,,,0.0005925335923380215
397,PATCH,1000,2,0.2,0.1,0.4,0.2,3072635950,,431,0,2,,,0.0005623145113834954
398,PATCH,1000,2,0.2,0.1,0.4,0.2,3072635950,,781,0,2,,,0.0005314920941748257
399,PATCH,1000,2,0.2,0.1,0.4,0.2,3072635950,,615,0,2,,,0.0005316793085659671
400,PATCH,1000,2,0.2,0.1,0.4,0.2,3072635950,,271,0,3,,,0.000761734973259338
401,PATCH,1000,2,0.2,0.1,0.4,0.2,3072635950,,113,0,5,,,0.0012145699669592188
402,PATCH,1000,2,0.2,0.1,0.4,0.2,3072635950,,122,0,3,,,0.0007849267173404394
403,PATCH,1000,2,0.2,0.1,0.4,0.2,3072635950,,176,0,3,,,0.0007745879444508775
404,PATCH,1000,2,0.2,0.1,0.4,0.2,3072635950,,86,0,2,,,0.0005380452006296091
405,PATCH,1000,2,0.2,0.1,0.4,0.2,3072635950,,303,0,5,,,0.0012517236430814342
406,PATCH,1000,2,0.2,0.1,0.4,0.2,3072635950,,926,0,2,,,0.000552785816544297
407,PATCH,1000,2,0.2,0.1,0.4,0.2,3072635950,,314,0,4,,,0.0010214056915450105
408,PATCH,1000,2,0.2,0.1,0.4,0.2,3072635950,,419,0,3,,,0.0008260299717690263
409,PATCH,1000,2,0.2,0.1,0.4,0.2,3072635950,,519,0,4,,,0.0010035225932865442
410,PATCH,1000,2,0.2,0.1,0.4,0.2,3072635950,,588,0,2,,,0.0005463407639724759
411,PATCH,1000,2,0.2,0.1,0.4,0.2,3072635950,,499,0,3,,,0.000850460469705543
412,PATCH,1000,2,0.2,0.1,0.4,0.2,3072635950,,392,0,3,,,0.0007707960742858964
413,PATCH,1000,2,0.2,0.1,0.4,0.2,3072635950,,429,0,4,,,0.001021408754224198
414,PATCH,1000,2,0.2,0.1,0.4,0.2,3072635950,,973,0,2,,,0.0005255690997892305
415,PATCH,1000,2,0.2,0.1,0.4,0.2,3072635950,,998,0,2,,,0.0006059150751017591
416,PATCH,1000,2,0.2,0.1,0.4,0.2,3072635950,,741,0,2,,,0.0005883202798018285
417,PATCH,1000,2,0.2,0.1,0.4,0.2,3072635950,,39,0,19,,,0.004339827251353608
418,PATCH,1000,2,0.2,0.1,0.4,0.2,3072635950,,207,0,3,,,0.0007724789403055566
419,PATCH,1000,2,0.2,0.1,0.4,0.2,3072635950,,561,0,3,,,0.0008194593162994214
420,PATCH,1000,2,0.2,0.1,0.4,0.2,3072635950,,827,0,3,,,0.000765521849043071
421,PATCH,1000,2,0.2,0.1,0.4,0.2,3072635950,,901,0,2,,,0.0005766393880650975
422,PATCH,1000,2,0.2,0.1,0.4,0.2,3072635950,,589,0,3,,,0.0008129763396889835
423,PATCH,1000,2,0.2,0.1,0.4,0.2,3072635950,,155,0,8,,,0.001877407268142181
424,PATCH,1000,2,0.2,0.1,0.4,0.2,3072635950,,933,0,2,,,0.000554743281920176
425,PATCH,1000,2,0.2,0.1,0.4,0.2,3072635950,,44,0,12,,,0.0027564102796579465
426,PATCH,1000,2,0.2,0.1,0.4,0.2,3072635950,,972,0,2,,,0.0006018593424637358
427,PATCH,1000,2,0.2,0.1,0.4,0.2,3072635950,,966,0,2,,,0.0005936122230515684
428,PATCH,1000,2,0.2,0.1,0.4,0.2,3072635950,,495,0,2,,,0.0005612658427639938
429,PATCH,1000,2,0.2,0.1,0.4,0.2,3072635950,,540,0,3,,,0.0007880675349144663
430,PATCH,1000,2,0.2,0.1,0.4,0.2,3072635950,,835,0,2,,,0.0005247182975578463
431,PATCH,1000,2,0.2,0.1,0.4,0.2,3072635950,,829,0,2,,,0.000609340209572235
432,PATCH,1000,2,0.2,0.1,0.4,0.2,3072635950,,336,0,2,,,0.0005454773647629599
433,PATCH,1000,2,0.2,0.1,0.4,0.2,3072635950,,309,0,2,,,0.0005902725124401896
434,PATCH,1000,2,0.2,0.1,0.4,0.2,3072635950,,509,0,2,,,0.0005382352706975052
435,PATCH,1000,2,0.2,0.1,0.4,0.2,3072635950,,528,0,3,,,0.0008136641606992496
436,PATCH,1000,2,0.2,0.1,0.4,0.2,3072635950,,775,0,2,,,0.0005478581371092413
437,PATCH,1000,2,0.2,0.1,0.4,0.2,3072635950,,968,0,2,,,0.0005376449263565083
438,PATCH,1000,2,0.2,0.1,0.4,0.2,3072635950,,890,0,2,,,0.000581807169025647
439,PATCH,1000,2,0.2,0.1,0.4,0.2,3072635950,,646,0,2,,,0.0006177654175088442
440,PATCH,1000,2,0.2,0.1,0.4,0.2,3072635950,,916,0,2,,,0.0005881418866675475
441,PATCH,1000,2,0.2,0.1,0.4,0.2,3072635950,,712,0,3,,,0.0007936534415282452
442,PATCH,1000,2,0.2,0.1,0.4,0.2,3072635950,,699,0,2,,,0.0005396760690490511
443,PATCH,1000,2,0.2,0.1,0.4,0.2,3072635950,,196,0,2,,,0.0005195365721929269
444,PATCH,1000,2,0.2,0.1,0.4,0.2,3072635950,,346,0,3,,,0.0008395919993236272
445,PATCH,1000,2,0.2,0.1,0.4,0.2,3072635950,,219,0,2,,,0.0005405117913969274
446,PATCH,1000,2,0.2,0.1,0.4,0.2,3072635950,,198,0,3,,,0.000746805392733156
447,PATCH,1000,2,0.2,0.1,0.4,0.2,3072635950,,195,0,7,,,0.0016655174732496411
448,PATCH,1000,2,0.2,0.1,0.4,0.2,3072635950,,777,0,2,,,0.0005837896279642944
449,PATCH,1000,2,0.2,0.1,0.4,0.2,3072635950,,564,0,2,,,0.0005943965056170529
450,PATCH,1000,2,0.2,0.1,0.4,0.2,3072635950,,235,0,3,,,0.0007912015640840165
451,PATCH,1000,2,0.2,0.1,0.4,0.2,3072635950,,693,0,2,,,0.0005484965005779423
452,PATCH,1000,2,0.2,0.1,0.4,0.2,3072635950,,320,0,5,,,0.0012715802558950508
453,PATCH,1000,2,0.2,0.1,0.4,0.2,3072635950,,812,0,2,,,0.0005659086908458234
454,PATCH,1000,2,0.2,0.1,0.4,0.2,3072635950,,737,0,4,,,0.0011137367208376259
455,PATCH,1000,2,0.2,0.1,0.4,0.2,3072635950,,236,0,3,,,0.0007484516204844873
456,PATCH,1000,2,0.2,0.1,0.4,0.2,3072635950,,67,0,13,,,0.0031281299779612392
457,PATCH,1000,2,0.2,0.1,0.4,0.2,3072635950,,760,0,3,,,0.0007868214168991985
458,PATCH,1000,2,0.2,0.1,0.4,0.2,3072635950,,506,0,2,,,0.0005596681282628733
459,PATCH,1000,2,0.2,0.1,0.4,0.2,3072635950,,286,0,2,,,0.000527574332595684
460,PATCH,1000,2,0.2,0.1,0.4,0.2,3072635950,,73,0,35,,,0.007803387894930511
461,PATCH,1000,2,0.2,0.1,0.4,0.2,3072635950,,258,0,2,,,0.000547208027780056
462,PATCH,1000,2,0.2,0.1,0.4,0.2,3072635950,,545,0,3,,,0.0008038844542083796
463,PATCH,1000,2,0.2,0.1,0.4,0.2,3072635950,,209,0,2,,,0.0005248456979199565
464,PATCH,1000,2,0.2,0.1,0.4,0.2,3072635950,,686,0,2,,,0.0005789971419605627
465,PATCH,1000,2,0.2,0.1,0.4,0.2,3072635950,,471,0,3,,,0.0008114664886147676
466,PATCH,1000,2,0.2,0.1,0.4,0.2,3072635950,,99,0,6,,,0.0014577825228542056
467,PATCH,1000,2,0.2,0.1,0.4,0.2,3072635950,,581,0,2,,,0.0005575571090661854
468,PATCH,1000,2,0.2,0.1,0.4,0.2,3072635950,,563,0,2,,,0.0006009823006134335
469,PATCH,1000,2,0.2,0.1,0.4,0.2,3072635950,,583,0,2,,,0.0005433849675780609
470,PATCH,1000,2,0.2,0.1,0.4,0.2,3072635950,,279,0,4,,,0.0010323495078061583
471,PATCH,1000,2,0.2,0.1,0.4,0.2,3072635950,,135,0,2,,,0.0005460300331422189
472,PATCH,1000,2,0.2,0.1,0.4,0.2,3072635950,,989,0,2,,,0.0005449041933806077
473,PATCH,1000,2,0.2,0.1,0.4,0.2,3072635950,,726,0,2,,,0.0005880692260460002
474,PATCH,1000,2,0.2,0.1,0.4,0.2,3072635950,,710,0,2,,,0.0005539382647612839
475,PATCH,1000,2,0.2,0.1,0.4,0.2,3072635950,,774,0,3,,,0.0008263665384467392
476,PATCH,1000,2,0.2,0.1,0.4,0.2,3072635950,,821,0,2,,,0.0005515984707339268
477,PATCH,1000,2,0.2,0.1,0.4,0.2,3072635950,,771,0,2,,,0.0005751800813112108
478,PATCH,1000,2,0.2,0.1,0.4,0.2,3072635950,,217,0,12,,,0.002839110660707894
479,PATCH,1000,2,0.2,0.1,0.4,0.2,3072635950,,633,0,2,,,0.0005394938415894032
480,PATCH,1000,2,0.2,0.1,0.4,0.2,3072635950,,170,0,4,,,0.0010063729397632468
481,PATCH,1000,2,0.2,0.1,0.4,0.2,3072635950,,664,0,3,,,0.0008008197766212862
482,PATCH,1000,2,0.2,0.1,0.4,0.2,3072635950,,616,0,3,,,0.0008410541437668861
483,PATCH,1000,2,0.2,0.1,0.4,0.2,3072635950,,599,0,4,,,0.001012371896850596
484,PATCH,1000,2,0.2,0.1,0.4,0.2,3072635950,,624,0,2,,,0.0005950945425306244
485,PATCH,1000,2,0.2,0.1,0.4,0.2,3072635950,,875,0,2,,,0.0005798362565875651
486,PATCH,1000,2,0.2,0.1,0.4,0.2,3072635950,,311,0,4,,,0.0010054021621910035
487,PATCH,1000,2,0.2,0.1,0.4,0.2,3072635950,,439,0,3,,,0.0008071651297706472
488,PATCH,1000,2,0.2,0.1,0.4,0.2,3072635950,,64,0,10,,,0.002276036760857604
489,PATCH,1000,2,0.2,0.1,0.4,0.2,3072635950,,573,0,2,,,0.0005551701780497416
490,PATCH,1000,2,0.2,0.1,0.4,0.2,3072635950,,102,0,4,,,0.001008219582021127
491,PATCH,1000,2,0.2,0.1,0.4,0.2,3072635950,,275,0,3,,,0.0007686698312783873
492,PATCH,1000,2,0.2,0.1,0.4,0.2,3072635950,,628,0,2,,,0.0005824263129429614
493,PATCH,1000,2,0.2,0.1,0.4,0.2,3072635950,,389,0,9,,,0.0021255775656305103
494,PATCH,1000,2,0.2,0.1,0.4,0.2,3072635950,,631,0,5,,,0.0013087130275148409
495,PATCH,1000,2,0.2,0.1,0.4,0.2,3072635950,,249,0,11,,,0.002536502475910385
496,PATCH,1000,2,0.2,0.1,0.4,0.2,3072635950,,756,0,2,,,0.0005585303940026033
497,PATCH,1000,2,0.2,0.1,0.4,0.2,3072635950,,234,0,6,,,0.0014611760724351365
498,PATCH,1000,2,0.2,0.1,0.4,0.2,3072635950,,964,0,2,,,0.0005567019447258019
499,PATCH,1000,2,0.2,0.1,0.4,0.2,3072635950,,14,0,10,,,0.002204589420197024
500,PATCH,1000,2,0.2,0.1,0.4,0.2,3072635950,,943,0,2,,,0.0005335763000303782
501,PATCH,1000,2,0.2,0.1,0.4,0.2,3072635950,,97,0,5,,,0.0011873016572030541
502,PATCH,1000,2,0.2,0.1,0.4,0.2,3072635950,,768,0,4,,,0.0010378685016077342
503,PATCH,1000,2,0.2,0.1,0.4,0.2,3072635950,,442,0,2,,,0.0005544707020929143
504,PATCH,1000,2,0.2,0.1,0.4,0.2,3072635950,,289,0,4,,,0.000999131042524117
505,PATCH,1000,2,0.2,0.1,0.4,0.2,3072635950,,981,0,2,,,0.0005801778072544338
506,PATCH,1000,2,0.2,0.1,0.4,0.2,3072635950,,717,0,2,,,0.0005379839259552154
507,PATCH,1000,2,0.2,0.1,0.4,0.2,3072635950,,263,0,3,,,0.0007865443230119333
508,PATCH,1000,2,0.2,0.1,0.4,0.2,3072635950,,702,0,2,,,0.0005566363108835045
509,PATCH,1000,2,0.2,0.1,0.4,0.2,3072635950,,811,0,2,,,0.0005550724497305375
510,PATCH,1000,2,0.2,0.1,0.4,0.2,3072635950,,746,0,2,,,0.0005276099744941474
511,PATCH,1000,2,0.2,0.1,0.4,0.2,3072635950,,632,0,2,,,0.0005689110054755999
512,PATCH,1000,2,0.2,0.1,0.4,0.2,3072635950,,819,0,2,,,0.0005658092008313786
513,PATCH,1000,2,0.2,0.1,0.4,0.2,3072635950,,354,0,4,,,0.0009591922189836017
514,PATCH,1000,2,0.2,0.1,0.4,0.2,3072635950,,758,0,2,,,0.0005719035644591651
515,PATCH,1000,2,0.2,0.1,0.4,0.2,3072635950,,407,0,5,,,0.0012477157224300226
516,PATCH,1000,2,0.2,0.1,0.4,0.2,3072635950,,786,0,2,,,0.0005322872307287267
517,PATCH,1000,2,0.2,0.1,0.4,0.2,3072635950,,769,0,4,,,0.001063841428351776
518,PATCH,1000,2,0.2,0.1,0.4,0.2,3072635950,,446,0,2,,,0.0005493674525030277
519,PATCH,1000,2,0.2,0.1,0.4,0.2,3072635950,,655,0,3,,,0.0008372171331591544
520,PATCH,1000,2,0.2,0.1,0.4,0.2,3072635950,,299,0,2,,,0.0005471456004581055
521,PATCH,1000,2,0.2,0.1,0.4,0.2,3072635950,,87,0,5,,,0.0011968237323548593
522,PATCH,1000,2,0.2,0.1,0.4,0.2,3072635950,,688,0,2,,,0.0005712738849306872
523,PATCH,1000,2,0.2,0.1,0.4,0.2,3072635950,,918,0,2,,,0.0005732052940144844
524,PATCH,1000,2,0.2,0.1,0.4,0.2,3072635950,,596,0,2,,,0.0005661984196478094
525,PATCH,1000,2,0.2,0.1,0.4,0.2,3072635950,,28,0,25,,,0.00557195786501306
526,PATCH,1000,2,0.2,0.1,0.4,0.2,3072635950,,882,0,2,,,0.0005167824523068125
527,PATCH,1000,2,0.2,0.1,0.4,0.2,3072635950,,500,0,3,,,0.0008012201585044752
528,PATCH,1000,2,0.2,0.1,0.4,0.2,3072635950,,847,0,2,,,0.0005480735320193368
529,PATCH,1000,2,0.2,0.1,0.4,0.2,3072635950,,19,0,3,,,0.0007347258329826475
530,PATCH,1000,2,0.2,0.1,0.4,0.2,3072635950,,938,0,2,,,0.0005315133422035902
531,PATCH,1000,2,0.2,0.1,0.4,0.2,3072635950,,272,0,4,,,0.0010051018936295512
532,PATCH,1000,2,0.2,0.1,0.4,0.2,3072635950,,919,0,2,,,0.0005396465759529176
533,PATCH,1000,2,0.2,0.1,0.4,0.2,3072635950,,88,0,5,,,0.0012534664406840792
534,PATCH,1000,2,0.2,0.1,0.4,0.2,3072635950,,634,0,2,,,0.0005260104579379699
535,PATCH,1000,2,0.2,0.1,0.4,0.2,3072635950,,982,0,2,,,0.0005259826160777493
536,PATCH,1000,2,0.2,0.1,0.4,0.2,3072635950,,295,0,4,,,0.0010093115222678866
537,PATCH,1000,2,0.2,0.1,0.4,0.2,3072635950,,925,0,2,,,0.000539517290555452
538,PATCH,1000,2,0.2,0.1,0.4,0.2,3072635950,,220,0,2,,,0.000550132054367207
539,PATCH,1000,2,0.2,0.1,0.4,0.2,3072635950,,114,0,3,,,0.0007618383864668735
540,PATCH,1000,2,0.2,0.1,0.4,0.2,3072635950,,958,0,2,,,0.0005556941190866611
541,PATCH,1000,2,0.2,0.1,0.4,0.2,3072635950,,181,0,6,,,0.001473854825487467
542,PATCH,1000,2,0.2,0.1,0.4,0.2,3072635950,,262,0,2,,,0.0005467392974849602
543,PATCH,1000,2,0.2,0.1,0.4,0.2,3072635950,,84,0,3,,,0.0007526688882106685
544,PATCH,1000,2,0.2,0.1,0.4,0.2,3072635950,,828,0,2,,,0.0005583973717778886
545,PATCH,1000,2,0.2,0.1,0.4,0.2,3072635950,,461,0,2,,,0.0005381586619630434
546,PATCH,1000,2,0.2,0.1,0.4,0.2,3072635950,,721,0,2,,,0.0005697841995873755
547,PATCH,1000,2,0.2,0.1,0.4,0.2,3072635950,,910,0,2,,,0.000544751067422392
548,PATCH,1000,2,0.2,0.1,0.4,0.2,3072635950,,751,0,3,,,0.0007946717821467017
549,PATCH,1000,2,0.2,0.1,0.4,0.2,3072635950,,291,0,4,,,0.0010336403355442718
550,PATCH,1000,2,0.2,0.1,0.4,0.2,3072635950,,150,0,4,,,0.0009889257035736228
551,PATCH,1000,2,0.2,0.1,0.4,0.2,3072635950,,248,0,4,,,0.0010162726457889108
552,PATCH,1000,2,0.2,0.1,0.4,0.2,3072635950,,428,0,2,,,0.0005355101714708685
553,PATCH,1000,2,0.2,0.1,0.4,0.2,3072635950,,903,0,2,,,0.0005903066400718323
554,PATCH,1000,2,0.2,0.1,0.4,0.2,3072635950,,572,0,2,,,0.0005540218867122363
555,PATCH,1000,2,0.2,0.1,0.4,0.2,3072635950,,723,0,2,,,0.0005665745392239752
556,PATCH,1000,2,0.2,0.1,0.4,0.2,3072635950,,896,0,2,,,0.000540535868621023
557,PATCH,1000,2,0.2,0.1,0.4,0.2,3072635950,,745,0,2,,,0.0005949775980295734
558,PATCH,1000,2,0.2,0.1,0.4,0.2,3072635950,,415,0,4,,,0.0010083875094986513
559,PATCH,1000,2,0.2,0.1,0.4,0.2,3072635950,,132,0,5,,,0.0012019541656656469
560,PATCH,1000,2,0.2,0.1,0.4,0.2,3072635950,,310,0,4,,,0.0010182995375984697
561,PATCH,1000,2,0.2,0.1,0.4,0.2,3072635950,,817,0,2,,,0.0005578933394151848
562,PATCH,1000,2,0.2,0.1,0.4,0.2,3072635950,,969,0,2,,,0.0006067522111265244
563,PATCH,1000,2,0.2,0.1,0.4,0.2,3072635950,,570,0,2,,,0.0005480919413348166
564,PATCH,1000,2,0.2,0.1,0.4,0.2,3072635950,,682,0,2,,,0.0005654919009164974
565,PATCH,1000,2,0.2,0.1,0.4,0.2,3072635950,,6,0,24,,,0.0052969700881301904
566,PATCH,1000,2,0.2,0.1,0.4,0.2,3072635950,,514,0,3,,,0.0008178439513948303
567,PATCH,1000,2,0.2,0.1,0.4,0.2,3072635950,,670,0,2,,,0.0005595648303999195
568,PATCH,1000,2,0.2,0.1,0.4,0.2,3072635950,,300,0,5,,,0.0012023502746221738
569,PATCH,1000,2,0.2,0.1,0.4,0.2,3072635950,,727,0,2,,,0.0005614596357641599
570,PATCH,1000,2,0.2,0.1,0.4,0.2,3072635950,,891,0,2,,,0.0005274038854736697
571,PATCH,1000,2,0.2,0.1,0.4,0.2,3072635950,,906,0,2,,,0.0005361647019748501
572,PATCH,1000,2,0.2,0.1,0.4,0.2,3072635950,,421,0,2,,,0.0005331107612225453
573,PATCH,1000,2,0.2,0.1,0.4,0.2,3072635950,,844,0,4,,,0.0011059813849284914
574,PATCH,1000,2,0.2,0.1,0.4,0.2,3072635950,,238,0,8,,,0.0019217461542336658
575,PATCH,1000,2,0.2,0.1,0.4,0.2,3072635950,,98,0,5,,,0.001235661797937835
576,PATCH,1000,2,0.2,0.1,0.4,0.2,3072635950,,657,0,2,,,0.0005992089481158975
577,PATCH,1000,2,0.2,0.1,0.4,0.2,3072635950,,718,0,2,,,0.0005789320005454291
578,PATCH,1000,2,0.2,0.1,0.4,0.2,3072635950,,855,0,2,,,0.0005345220178504248
579,PATCH,1000,2,0.2,0.1,0.4,0.2,3072635950,,166,0,5,,,0.0012353356958920301
580,PATCH,1000,2,0.2,0.1,0.4,0.2,3072635950,,388,0,3,,,0.0007507692466451745
581,PATCH,1000,2,0.2,0.1,0.4,0.2,3072635950,,857,0,2,,,0.0005872454548245599
582,PATCH,1000,2,0.2,0.1,0.4,0.2,3072635950,,948,0,2,,,0.0005641469451866898
583,PATCH,1000,2,0.2,0.1,0.4,0.2,3072635950,,526,0,3,,,0.0007674569156038558
584,PATCH,1000,2,0.2,0.1,0.4,0.2,3072635950,,511,0,3,,,0.0007642005314901219
585,PATCH,1000,2,0.2,0.1,0.4,0.2,3072635950,,550,0,2,,,0.0005693301149367055
586,PATCH,1000,2,0.2,0.1,0.4,0.2,3072635950,,116,0,6,,,0.0013736604850519132
587,PATCH,1000,2,0.2,0.1,0.4,0.2,3072635950,,201,0,6,,,0.0015006686663171565
588,PATCH,1000,2,0.2,0.1,0.4,0.2,3072635950,,492,0,3,,,0.0008050123357207443
589,PATCH,1000,2,0.2,0.1,0.4,0.2,3072635950,,125,0,10,,,0.002412079038846133
590,PATCH,1000,2,0.2,0.1,0.4,0.2,3072635950,,355,0,2,,,0.0005297178844386184
591,PATCH,1000,2,0.2,0.1,0.4,0.2,3072635950,,285,0,8,,,0.00195410269815983
592,PATCH,1000,2,0.2,0.1,0.4,0.2,3072635950,,724,0,2,,,0.0005801964270654894
593,PATCH,1000,2,0.2,0.1,0.4,0.2,3072635950,,742,0,2,,,0.0005777083495320547
594,PATCH,1000,2,0.2,0.1,0.4,0.2,3072635950,,553,0,2,,,0.0005337269464858242
595,PATCH,1000,2,0.2,0.1,0.4,0.2,3072635950,,804,0,2,,,0.0005527564027269532
596,PATCH,1000,2,0.2,0.1,0.4,0.2,3072635950,,447,0,2,,,0.0005388279697213699
597,PATCH,1000,2,0.2,0.1,0.4,0.2,3072635950,,318,0,2,,,0.0005566639659247005
598,PATCH,1000,2,0.2,0.1,0.4,0.2,3072635950,,4,0,46,,,0.009772908724160154
599,PATCH,1000,2,0.2,0.1,0.4,0.2,3072635950,,227,0,4,,,0.0010752275656891015
600,PATCH,1000,2,0.2,0.1,0.4,0.2,3072635950,,340,0,3,,,0.0007851931634786214
601,PATCH,1000,2,0.2,0.1,0.4,0.2,3072635950,,665,0,2,,,0.0005834745234953788
602,PATCH,1000,2,0.2,0.1,0.4,0.2,3072635950,,740,0,5,,,0.0012820242948302079
603,PATCH,1000,2,0.2,0.1,0.4,0.2,3072635950,,296,0,3,,,0.0008019723734545331
604,PATCH,1000,2,0.2,0.1,0.4,0.2,3072635950,,115,0,3,,,0.0007962969944425067
605,PATCH,1000,2,0.2,0.1,0.4,0.2,3072635950,,980,0,2,,,0.0005819672860606643
606,PATCH,1000,2,0.2,0.1,0.4,0.2,3072635950,,833,0,2,,,0.0005643208109745686
607,PATCH,1000,2,0.2,0.1,0.4,0.2,3072635950,,413,0,6,,,0.0015445833141899859
608,PATCH,1000,2,0.2,0.1,0.4,0.2,3072635950,,927,0,2,,,0.0005823756645922996
609,PATCH,1000,2,0.2,0.1,0.4,0.2,3072635950,,290,0,2,,,0.0005396462393540367
610,PATCH,1000,2,0.2,0.1,0.4,0.2,3072635950,,783,0,2,,,0.0005643262632533414
611,PATCH,1000,2,0.2,0.1,0.4,0.2,3072635950,,414,0,4,,,0.0010475207797877603
612,PATCH,1000,2,0.2,0.1,0.4,0.2,3072635950,,451,0,3,,,0.0008115909812779928
613,PATCH,1000,2,0.2,0.1,0.4,0.2,3072635950,,900,0,2,,,0.0005620924478223061
614,PATCH,1000,2,0.2,0.1,0.4,0.2,3072635950,,814,0,2,,,0.0005711251473818776
615,PATCH,1000,2,0.2,0.1,0.4,0.2,3072635950,,2,0,59,,,0.012525406741118579
616,PATCH,1000,2,0.2,0.1,0.4,0.2,3072635950,,68,0,15,,,0.0033730751857322153
617,PATCH,1000,2,0.2,0.1,0.4,0.2,3072635950,,440,0,2,,,0.0005253374919201671
618,PATCH,1000,2,0.2,0.1,0.4,0.2,3072635950,,169,0,6,,,0.0014577404549733924
619,PATCH,1000,2,0.2,0.1,0.4,0.2,3072635950,,134,0,8,,,0.00191891572312382
620,PATCH,1000,2,0.2,0.1,0.4,0.2,3072635950,,61,0,3,,,0.0007589998807064942
621,PATCH,1000,2,0.2,0.1,0.4,0.2,3072635950,,319,0,6,,,0.0014891317915383694
622,PATCH,1000,2,0.2,0.1,0.4,0.2,3072635950,,479,0,3,,,0.0007747166235092228
623,PATCH,1000,2,0.2,0.1,0.4,0.2,3072635950,,942,0,2,,,0.0005539628294017139
624,PATCH,1000,2,0.2,0.1,0.4,0.2,3072635950,,556,0,2,,,0.000536709178246047
625,PATCH,1000,2,0.2,0.1,0.4,0.2,3072635950,,153,0,4,,,0.0010061945510814847
626,PATCH,1000,2,0.2,0.1,0.4,0.2,3072635950,,530,0,2,,,0.0005889265907624491
627,PATCH,1000,2,0.2,0.1,0.4,0.2,3072635950,,696,0,2,,,0.0005139031272572848
628,PATCH,1000,2,0.2,0.1,0.4,0.2,3072635950,,700,0,3,,,0.0008598263745353714
629,PATCH,1000,2,0.2,0.1,0.4,0.2,3072635950,,445,0,3,,,0.0008016082323641697
630,PATCH,1000,2,0.2,0.1,0.4,0.2,3072635950,,739,0,2,,,0.000531557647247702
631,PATCH,1000,2,0.2,0.1,0.4,0.2,3072635950,,543,0,2,,,0.0005650224490448735
632,PATCH,1000,2,0.2,0.1,0.4,0.2,3072635950,,761,0,2,,,0.0005587954875250766
633,PATCH,1000,2,0.2,0.1,0.4,0.2,3072635950,,515,0,2,,,0.0005536598482739544
634,PATCH,1000,2,0.2,0.1,0.4,0.2,3072635950,,350,0,3,,,0.00081240054771982
635,PATCH,1000,2,0.2,0.1,0.4,0.2,3072635950,,51,0,7,,,0.0016083201877703627
636,PATCH,1000,2,0.2,0.1,0.4,0.2,3072635950,,680,0,2,,,0.0005349424563530022
637,PATCH,1000,2,0.2,0.1,0.4,0.2,3072635950,,548,0,2,,,0.0005930720401714856
638,PATCH,1000,2,0.2,0.1,0.4,0.2,3072635950,,254,0,4,,,0.0010188331598727756
639,PATCH,1000,2,0.2,0.1,0.4,0.2,3072635950,,685,0,3,,,0.0007665520566527228
640,PATCH,1000,2,0.2,0.1,0.4,0.2,3072635950,,361,0,3,,,0.0007924356893840462
641,PATCH,1000,2,0.2,0.1,0.4,0.2,3072635950,,861,0,2,,,0.0005655475149259453
642,PATCH,1000,2,0.2,0.1,0.4,0.2,3072635950,,869,0,2,,,0.0005332853769253224
643,PATCH,1000,2,0.2,0.1,0.4,0.2,3072635950,,692,0,2,,,0.0005562999638600071
644,PATCH,1000,2,0.2,0.1,0.4,0.2,3072635950,,565,0,2,,,0.0005590975280644932
645,PATCH,1000,2,0.2,0.1,0.4,0.2,3072635950,,202,0,4,,,0.000999977532631931
646,PATCH,1000,2,0.2,0.1,0.4,0.2,3072635950,,504,0,3,,,0.0007899344800427025
647,PATCH,1000,2,0.2,0.1,0.4,0.2,3072635950,,491,0,3,,,0.000820486205487796
648,PATCH,1000,2,0.2,0.1,0.4,0.2,3072635950,,584,0,3,,,0.0008196077899802072
649,PATCH,1000,2,0.2,0.1,0.4,0.2,3072635950,,177,0,11,,,0.002516438269941402
650,PATCH,1000,2,0.2,0.1,0.4,0.2,3072635950,,472,0,3,,,0.0007947886009715498
651,PATCH,1000,2,0.2,0.1,0.4,0.2,3072635950,,976,0,2,,,0.0005403372774630165
652,PATCH,1000,2,0.2,0.1,0.4,0.2,3072635950,,868,0,2,,,0.0005782087340636443
653,PATCH,1000,2,0.2,0.1,0.4,0.2,3072635950,,380,0,3,,,0.0008044836669627366
654,PATCH,1000,2,0.2,0.1,0.4,0.2,3072635950,,408,0,2,,,0.0005405117913969274
655,PATCH,1000,2,0.2,0.1,0.4,0.2,3072635950,,993,0,2,,,0.000619440913089912
656,PATCH,1000,2,0.2,0.1,0.4,0.2,3072635950,,294,0,8,,,0.0019090317038433261
657,PATCH,1000,2,0.2,0.1,0.4,0.2,3072635950,,753,0,2,,,0.0005503967422575631
658,PATCH,1000,2,0.2,0.1,0.4,0.2,3072635950,,172,0,3,,,0.0007638418002157346
659,PATCH,1000,2,0.2,0.1,0.4,0.2,3072635950,,470,0,2,,,0.0005668670635165437
660,PATCH,1000,2,0.2,0.1,0.4,0.2,3072635950,,872,0,2,,,0.0005293980874516107
661,PATCH,1000,2,0.2,0.1,0.4,0.2,3072635950,,189,0,2,,,0.0005380401442827273
662,PATCH,1000,2,0.2,0.1,0.4,0.2,3072635950,,322,0,4,,,0.000990122517271579
663,PATCH,1000,2,0.2,0.1,0.4,0.2,3072635950,,144,0,5,,,0.0012815438119783387
664,PATCH,1000,2,0.2,0.1,0.4,0.2,3072635950,,622,0,2,,,0.0005594067633381834
665,PATCH,1000,2,0.2,0.1,0.4,0.2,3072635950,,617,0,3,,,0.0008066171400133967
666,PATCH,1000,2,0.2,0.1,0.4,0.2,3072635950,,443,0,5,,,0.0012417899464735765
667,PATCH,1000,2,0.2,0.1,0.4,0.2,3072635950,,922,0,3,,,0.0008101130316690133
668,PATCH,1000,2,0.2,0.1,0.4,0.2,3072635950,,870,0,2,,,0.0005559831410514845
669,PATCH,1000,2,0.2,0.1,0.4,0.2,3072635950,,214,0,2,,,0.0005332034198483726
670,PATCH,1000,2,0.2,0.1,0.4,0.2,3072635950,,703,0,2,,,0.0005832482394293359
671,PATCH,1000,2,0.2,0.1,0.4,0.2,3072635950,,104,0,4,,,0.000988608033331878
672,PATCH,1000,2,0.2,0.1,0.4,0.2,3072635950,,65,0,16,,,0.0035619008304665074
673,PATCH,1000,2,0.2,0.1,0.4,0.2,3072635950,,197,0,3,,,0.0007702141029423077
674,PATCH,1000,2,0.2,0.1,0.4,0.2,3072635950,,313,0,2,,,0.0005350594242651913
675,PATCH,1000,2,0.2,0.1,0.4,0.2,3072635950,,269,0,5,,,0.0012118876170129742
676,PATCH,1000,2,0.2,0.1,0.4,0.2,3072635950,,939,0,2,,,0.0005585921511427103
677,PATCH,1000,2,0.2,0.1,0.4,0.2,3072635950,,895,0,2,,,0.0005328568412268374
678,PATCH,1000,2,0.2,0.1,0.4,0.2,3072635950,,468,0,2,,,0.0005749705563245383
679,PATCH,1000,2,0.2,0.1,0.4,0.2,3072635950,,338,0,2,,,0.0005288095460613479
680,PATCH,1000,2,0.2,0.1,0.4,0.2,3072635950,,422,0,3,,,0.0007826545636144819
681,PATCH,1000,2,0.2,0.1,0.4,0.2,3072635950,,26,0,4,,,0.0009858098539830924
682,PATCH,1000,2,0.2,0.1,0.4,0.2,3072635950,,187,0,3,,,0.0007881297583761903
683,PATCH,1000,2,0.2,0.1,0.4,0.2,3072635950,,437,0,2,,,0.0005466773134658915
684,PATCH,1000,2,0.2,0.1,0.4,0.2,3072635950,,790,0,2,,,0.0005778173669670903
685,PATCH,1000,2,0.2,0.1,0.4,0.2,3072635950,,107,0,17,,,0.0037988890287461406
686,PATCH,1000,2,0.2,0.1,0.4,0.2,3072635950,,881,0,2,,,0.0005734918789475273
687,PATCH,1000,2,0.2,0.1,0.4,0.2,3072635950,,610,0,3,,,0.0007968506954766047
688,PATCH,1000,2,0.2,0.1,0.4,0.2,3072635950,,851,0,2,,,0.0005372622328730235
689,PATCH,1000,2,0.2,0.1,0.4,0.2,3072635950,,386,0,2,,,0.0005607719510840986
690,PATCH,1000,2,0.2,0.1,0.4,0.2,3072635950,,143,0,2,,,0.0005492032655697886
691,PATCH,1000,2,0.2,0.1,0.4,0.2,3072635950,,527,0,3,,,0.0008203379160877517
692,PATCH,1000,2,0.2,0.1,0.4,0.2,3072635950,,284,0,3,,,0.0008078842314614455
693,PATCH,1000,2,0.2,0.1,0.4,0.2,3072635950,,776,0,2,,,0.0005480349601877094
694,PATCH,1000,2,0.2,0.1,0.4,0.2,3072635950,,841,0,2,,,0.0006014109906801685
695,PATCH,1000,2,0.2,0.1,0.4,0.2,3072635950,,486,0,2,,,0.0005780526686907071
696,PATCH,1000,2,0.2,0.1,0.4,0.2,3072635950,,124,0,3,,,0.0007165235893697887
697,PATCH,1000,2,0.2,0.1,0.4,0.2,3072635950,,779,0,2,,,0.0005485094746948222
698,PATCH,1000,2,0.2,0.1,0.4,0.2,3072635950,,992,0,2,,,0.0005894839305425075
699,PATCH,1000,2,0.2,0.1,0.4,0.2,3072635950,,941,0,2,,,0.0005567894091297701
700,PATCH,1000,2,0.2,0.1,0.4,0.2,3072635950,,935,0,2,,,0.0005308154854453092
701,PATCH,1000,2,0.2,0.1,0.4,0.2,3072635950,,612,0,2,,,0.000568149609976984
702,PATCH,1000,2,0.2,0.1,0.4,0.2,3072635950,,194,0,2,,,0.0005291817848783978
703,PATCH,1000,2,0.2,0.1,0.4,0.2,3072635950,,874,0,3,,,0.0008605290508742964
704,PATCH,1000,2,0.2,0.1,0.4,0.2,3072635950,,72,0,2,,,0.0005169360477758595
705,PATCH,1000,2,0.2,0.1,0.4,0.2,3072635950,,592,0,2,,,0.0005767468895782262
706,PATCH,1000,2,0.2,0.1,0.4,0.2,3072635950,,752,0,3,,,0.0008195515040568637
707,PATCH,1000,2,0.2,0.1,0.4,0.2,3072635950,,317,0,8,,,0.0019163307173484048
708,PATCH,1000,2,0.2,0.1,0.4,0.2,3072635950,,333,0,2,,,0.0005312191627662903
709,PATCH,1000,2,0.2,0.1,0.4,0.2,3072635950,,683,0,3,,,0.0007864191830319621
710,PATCH,1000,2,0.2,0.1,0.4,0.2,3072635950,,257,0,4,,,0.0010066778888710873
711,PATCH,1000,2,0.2,0.1,0.4,0.2,3072635950,,77,0,12,,,0.0027786430994382063
712,PATCH,1000,2,0.2,0.1,0.4,0.2,3072635950,,546,0,2,,,0.000554006091916546
713,PATCH,1000,2,0.2,0.1,0.4,0.2,3072635950,,457,0,3,,,0.0007627168708473015
714,PATCH,1000,2,0.2,0.1,0.4,0.2,3072635950,,807,0,2,,,0.0005920101330678783
715,PATCH,1000,2,0.2,0.1,0.4,0.2,3072635950,,566,0,2,,,0.000554465605590359
716,PATCH,1000,2,0.2,0.1,0.4,0.2,3072635950,,503,0,3,,,0.0008300927323409304
717,PATCH,1000,2,0.2,0.1,0.4,0.2,3072635950,,42,0,16,,,0.0035861295189400185
718,PATCH,1000,2,0.2,0.1,0.4,0.2,3072635950,,605,0,2,,,0.000512665121412019
719,PATCH,1000,2,0.2,0.1,0.4,0.2,3072635950,,569,0,4,,,0.0010432369906836147
720,PATCH,1000,2,0.2,0.1,0.4,0.2,3072635950,,278,0,3,,,0.0007964323251725004
721,PATCH,1000,2,0.2,0.1,0.4,0.2,3072635950,,576,0,2,,,0.0005727680562584412
722,PATCH,1000,2,0.2,0.1,0.4,0.2,3072635950,,210,0,2,,,0.0005365289844635415
723,PATCH,1000,2,0.2,0.1,0.4,0.2,3072635950,,47,0,5,,,0.0011834499439710318
724,PATCH,1000,2,0.2,0.1,0.4,0.2,3072635950,,478,0,6,,,0.001524542245307154
725,PATCH,1000,2,0.2,0.1,0.4,0.2,3072635950,,674,0,2,,,0.0005582683998219989
726,PATCH,1000,2,0.2,0.1,0.4,0.2,3072635950,,954,0,2,,,0.0005845572561922631
727,PATCH,1000,2,0.2,0.1,0.4,0.2,3072635950,,173,0,5,,,0.0012303533847834356
728,PATCH,1000,2,0.2,0.1,0.4,0.2,3072635950,,297,0,2,,,0.000568928763908542
729,PATCH,1000,2,0.2,0.1,0.4,0.2,3072635950,,79,0,9,,,0.0020824057826567435
730,PATCH,1000,2,0.2,0.1,0.4,0.2,3072635950,,450,0,4,,,0.0010361912022895836
731,PATCH,1000,2,0.2,0.1,0.4,0.2,3072635950,,978,0,2,,,0.0005508700059193963
732,PATCH,1000,2,0.2,0.1,0.4,0.2,3072635950,,603,0,4,,,0.0010361228359966638
733,PATCH,1000,2,0.2,0.1,0.4,0.2,3072635950,,810,0,3,,,0.0007833137729412573
734,PATCH,1000,2,0.2,0.1,0.4,0.2,3072635950,,853,0,2,,,0.0005822779124616937
735,PATCH,1000,2,0.2,0.1,0.4,0.2,3072635950,,12,0,7,,,0.0015964864172352971
736,PATCH,1000,2,0.2,0.1,0.4,0.2,3072635950,,404,0,7,,,0.0017080777654126648
737,PATCH,1000,2,0.2,0.1,0.4,0.2,3072635950,,638,0,4,,,0.0010512246158072005
738,PATCH,1000,2,0.2,0.1,0.4,0.2,3072635950,,734,0,3,,,0.0007949228341206267
739,PATCH,1000,2,0.2,0.1,0.4,0.2,3072635950,,744,0,2,,,0.0005249264530893473
740,PATCH,1000,2,0.2,0.1,0.4,0.2,3072635950,,836,0,2,,,0.0005688850346880516
741,PATCH,1000,2,0.2,0.1,0.4,0.2,3072635950,,544,0,2,,,0.0005151222996471199
742,PATCH,1000,2,0.2,0.1,0.4,0.2,3072635950,,667,0,2,,,0.0005840840482322597
743,PATCH,1000,2,0.2,0.1,0.4,0.2,3072635950,,489,0,2,,,0.0005503967422575631
744,PATCH,1000,2,0.2,0.1,0.4,0.2,3072635950,,555,0,2,,,0.0005452468729164808
745,PATCH,1000,2,0.2,0.1,0.4,0.2,3072635950,,382,0,2,,,0.0005318277336562973
746,PATCH,1000,2,0.2,0.1,0.4,0.2,3072635950,,288,0,5,,,0.001238547171185646
747,PATCH,1000,2,0.2,0.1,0.4,0.2,3072635950,,401,0,4,,,0.0010119051381933988
748,PATCH,1000,2,0.2,0.1,0.4,0.2,3072635950,,848,0,2,,,0.0005481365359827176
749,PATCH,1000,2,0.2,0.1,0.4,0.2,3072635950,,590,0,3,,,0.0008231303877238328
750,PATCH,1000,2,0.2,0.1,0.4,0.2,3072635950,,663,0,2,,,0.0005533469016357701
751,PATCH,1000,2,0.2,0.1,0.4,0.2,3072635950,,120,0,6,,,0.0014044032597037368
752,PATCH,1000,2,0.2,0.1,0.4,0.2,3072635950,,580,0,2,,,0.000532470495664118
753,PATCH,1000,2,0.2,0.1,0.4,0.2,3072635950,,130,0,5,,,0.0012097822742233857
754,PATCH,1000,2,0.2,0.1,0.4,0.2,3072635950,,399,0,2,,,0.0005684321974704722
755,PATCH,1000,2,0.2,0.1,0.4,0.2,3072635950,,784,0,2,,,0.0005884242633311218
756,PATCH,1000,2,0.2,0.1,0.4,0.2,3072635950,,206,0,3,,,0.0007542859285331209
757,PATCH,1000,2,0.2,0.1,0.4,0.2,3072635950,,383,0,2,,,0.0005581497462139932
758,PATCH,1000,2,0.2,0.1,0.4,0.2,3072635950,,46,0,5,,,0.0012221262516875517
759,PATCH,1000,2,0.2,0.1,0.4,0.2,3072635950,,839,0,2,,,0.0005651227165288505
760,PATCH,1000,2,0.2,0.1,0.4,0.2,3072635950,,889,0,2,,,0.0005509081597742874
761,PATCH,1000,2,0.2,0.1,0.4,0.2,3072635950,,666,0,2,,,0.000562500962228412
762,PATCH,1000,2,0.2,0.1,0.4,0.2,3072635950,,328,0,6,,,0.0015335696081942992
763,PATCH,1000,2,0.2,0.1,0.4,0.2,3072635950,,951,0,2,,,0.0005452556525732204
764,PATCH,1000,2,0.2,0.1,0.4,0.2,3072635950,,929,0,2,,,0.0005777744484938393
765,PATCH,1000,2,0.2,0.1,0.4,0.2,3072635950,,142,0,3,,,0.0007331582537357143
766,PATCH,1000,2,0.2,0.1,0.4,0.2,3072635950,,679,0,3,,,0.000831795855919568
767,PATCH,1000,2,0.2,0.1,0.4,0.2,3072635950,,831,0,2,,,0.0005624235174894895
768,PATCH,1000,2,0.2,0.1,0.4,0.2,3072635950,,400,0,6,,,0.0014920730613359736
769,PATCH,1000,2,0.2,0.1,0.4,0.2,3072635950,,161,0,14,,,0.0032884888796348294
770,PATCH,1000,2,0.2,0.1,0.4,0.2,3072635950,,111,0,9,,,0.002052957391594342
771,PATCH,1000,2,0.2,0.1,0.4,0.2,3072635950,,266,0,4,,,0.0009863041317076718
772,PATCH,1000,2,0.2,0.1,0.4,0.2,3072635950,,191,0,3,,,0.0007635942749059776
773,PATCH,1000,2,0.2,0.1,0.4,0.2,3072635950,,131,0,3,,,0.0007772194559375747
774,PATCH,1000,2,0.2,0.1,0.4,0.2,3072635950,,101,0,3,,,0.0007529082505272659
775,PATCH,1000,2,0.2,0.1,0.4,0.2,3072635950,,536,0,2,,,0.000564512435837206
776,PATCH,1000,2,0.2,0.1,0.4,0.2,3072635950,,277,0,4,,,0.000964791202828647
777,PATCH,1000,2,0.2,0.1,0.4,0.2,3072635950,,884,0,2,,,0.0005363032682308813
778,PATCH,1000,2,0.2,0.1,0.4,0.2,3072635950,,239,0,2,,,0.0005652424759332908
779,PATCH,1000,2,0.2,0.1,0.4,0.2,3072635950,,798,0,3,,,0.0008432441394363403
780,PATCH,1000,2,0.2,0.1,0.4,0.2,3072635950,,850,0,2,,,0.0005922382295082603
781,PATCH,1000,2,0.2,0.1,0.4,0.2,3072635950,,228,0,2,,,0.0005475517518172748
782,PATCH,1000,2,0.2,0.1,0.4,0.2,3072635950,,639,0,2,,,0.0006106659941682192
783,PATCH,1000,2,0.2,0.1,0.4,0.2,3072635950,,897,0,2,,,0.0005727273320041535
784,PATCH,1000,2,0.2,0.1,0.4,0.2,3072635950,,816,0,2,,,0.0005772621641770049
785,PATCH,1000,2,0.2,0.1,0.4,0.2,3072635950,,709,0,3,,,0.0008115496372582983
786,PATCH,1000,2,0.2,0.1,0.4,0.2,3072635950,,767,0,2,,,0.0005644795195158255
787,PATCH,1000,2,0.2,0.1,0.4,0.2,3072635950,,997,0,2,,,0.0005509271806359648
788,PATCH,1000,2,0.2,0.1,0.4,0.2,3072635950,,568,0,2,,,0.0005448991561369167
789,PATCH,1000,2,0.2,0.1,0.4,0.2,3072635950,,330,0,2,,,0.0005425114207409709
790,PATCH,1000,2,0.2,0.1,0.4,0.2,3072635950,,523,0,2,,,0.000550292456976532
791,PATCH,1000,2,0.2,0.1,0.4,0.2,3072635950,,863,0,3,,,0.000827403974405485
792,PATCH,1000,2,0.2,0.1,0.4,0.2,3072635950,,697,0,2,,,0.0005330158258914687
793,PATCH,1000,2,0.2,0.1,0.4,0.2,3072635950,,813,0,2,,,0.0006183302762400866
794,PATCH,1000,2,0.2,0.1,0.4,0.2,3072635950,,363,0,3,,,0.0007987892340815196
795,PATCH,1000,2,0.2,0.1,0.4,0.2,3072635950,,441,0,3,,,0.0007795963886195122
796,PATCH,1000,2,0.2,0.1,0.4,0.2,3072635950,,435,0,5,,,0.001238701194254598
797,PATCH,1000,2,0.2,0.1,0.4,0.2,3072635950,,858,0,2,,,0.0006255881980577337
798,PATCH,1000,2,0.2,0.1,0.4,0.2,3072635950,,792,0,2,,,0.0005793948712930173
799,PATCH,1000,2,0.2,0.1,0.4,0.2,3072635950,,505,0,5,,,0.001254333103798157
800,PATCH,1000,2,0.2,0.1,0.4,0.2,3072635950,,230,1,5,,,0.001239404776212808
801,PATCH,1000,2,0.2,0.1,0.4,0.2,3072635950,,864,1,2,,,0.000553925250118419
802,PATCH,1000,2,0.2,0.1,0.4,0.2,3072635950,,823,1,2,,,0.0005644282020305344
803,PATCH,1000,2,0.2,0.1,0.4,0.2,3072635950,,37,1,18,,,0.003989308106122901
804,PATCH,1000,2,0.2,0.1,0.4,0.2,3072635950,,551,1,2,,,0.000601263887187803
805,PATCH,1000,2,0.2,0.1,0.4,0.2,3072635950,,229,1,10,,,0.0023985191007387333
806,PATCH,1000,2,0.2,0.1,0.4,0.2,3072635950,,83,1,7,,,0.0016434365317759103
807,PATCH,1000,2,0.2,0.1,0.4,0.2,3072635950,,507,1,2,,,0.0005637241415178563
808,PATCH,1000,2,0.2,0.1,0.4,0.2,3072635950,,298,1,2,,,0.0005617075844236843
809,PATCH,1000,2,0.2,0.1,0.4,0.2,3072635950,,81,1,4,,,0.0010017395057671386
810,PATCH,1000,2,0.2,0.1,0.4,0.2,3072635950,,147,1,9,,,0.002158606775644729
811,PATCH,1000,2,0.2,0.1,0.4,0.2,3072635950,,932,1,2,,,0.0005334012648220283
812,PATCH,1000,2,0.2,0.1,0.4,0.2,3072635950,,11,1,35,,,0.007425080047158568
813,PATCH,1000,2,0.2,0.1,0.4,0.2,3072635950,,995,1,2,,,0.000560256132355052
814,PATCH,1000,2,0.2,0.1,0.4,0.2,3072635950,,342,1,2,,,0.0005692922383556715
815,PATCH,1000,2,0.2,0.1,0.4,0.2,3072635950,,402,1,2,,,0.0005418302512093692
816,PATCH,1000,2,0.2,0.1,0.4,0.2,3072635950,,455,1,4,,,0.0010673014490004483
817,PATCH,1000,2,0.2,0.1,0.4,0.2,3072635950,,364,1,4,,,0.001030901768161636
818,PATCH,1000,2,0.2,0.1,0.4,0.2,3072635950,,512,1,2,,,0.0005512975024632243
819,PATCH,1000,2,0.2,0.1,0.4,0.2,3072635950,,180,1,3,,,0.0007749839940325492
820,PATCH,1000,2,0.2,0.1,0.4,0.2,3072635950,,78,1,2,,,0.0005272972516475163
821,PATCH,1000,2,0.2,0.1,0.4,0.2,3072635950,,643,1,2,,,0.0005555920083857774
822,PATCH,1000,2,0.2,0.1,0.4,0.2,3072635950,,554,1,6,,,0.0015427286214864866
823,PATCH,1000,2,0.2,0.1,0.4,0.2,3072635950,,698,1,3,,,0.0008082647287746716
824,PATCH,1000,2,0.2,0.1,0.4,0.2,3072635950,,458,1,3,,,0.0007876643551652986
825,PATCH,1000,2,0.2,0.1,0.4,0.2,3072635950,,69,1,5,,,0.001207712907587023
826,PATCH,1000,2,0.2,0.1,0.4,0.2,3072635950,,85,1,7,,,0.0017115263205353807
827,PATCH,1000,2,0.2,0.1,0.4,0.2,3072635950,,487,1,2,,,0.000566282861220368
828,PATCH,1000,2,0.2,0.1,0.4,0.2,3072635950,,983,1,2,,,0.0005674304834558824
829,PATCH,1000,2,0.2,0.1,0.4,0.2,3072635950,,339,1,2,,,0.0005544701289393264
830,PATCH,1000,2,0.2,0.1,0.4,0.2,3072635950,,953,1,2,,,0.000560019392974197
831,PATCH,1000,2,0.2,0.1,0.4,0.2,3072635950,,190,1,5,,,0.0012697012200702325
832,PATCH,1000,2,0.2,0.1,0.4,0.2,3072635950,,876,1,2,,,0.0005733090767024541
833,PATCH,1000,2,0.2,0.1,0.4,0.2,3072635950,,348,1,2,,,0.000541345717415845
834,PATCH,1000,2,0.2,0.1,0.4,0.2,3072635950,,171,1,5,,,0.0012620427518604254
835,PATCH,1000,2,0.2,0.1,0.4,0.2,3072635950,,287,1,4,,,0.0010031161929719688
836,PATCH,1000,2,0.2,0.1,0.4,0.2,3072635950,,842,1,2,,,0.0005662761172447305
837,PATCH,1000,2,0.2,0.1,0.4,0.2,3072635950,,434,1,2,,,0.0005784446712482445
838,PATCH,1000,2,0.2,0.1,0.4,0.2,3072635950,,193,1,3,,,0.0007549423692900024
839,PATCH,1000,2,0.2,0.1,0.4,0.2,3072635950,,905,1,2,,,0.0006064921293894899
840,PATCH,1000,2,0.2,0.1,0.4,0.2,3072635950,,302,1,4,,,0.0010549850760895596
841,PATCH,1000,2,0.2,0.1,0.4,0.2,3072635950,,29,1,11,,,0.0025538856642258866
842,PATCH,1000,2,0.2,0.1,0.4,0.2,3072635950,,247,1,2,,,0.0005198342174779851
843,PATCH,1000,2,0.2,0.1,0.4,0.2,3072635950,,711,1,2,,,0.0005760734675482482
844,PATCH,1000,2,0.2,0.1,0.4,0.2,3072635950,,94,1,10,,,0.002328125258431804
845,PATCH,1000,2,0.2,0.1,0.4,0.2,3072635950,,659,1,2,,,0.0005799393811197202
846,PATCH,1000,2,0.2,0.1,0.4,0.2,3072635950,,908,1,2,,,0.0005588751118548672
847,PATCH,1000,2,0.2,0.1,0.4,0.2,3072635950,,558,1,2,,,0.0005876347823395902
848,PATCH,1000,2,0.2,0.1,0.4,0.2,3072635950,,343,1,3,,,0.0007897855853110197
849,PATCH,1000,2,0.2,0.1,0.4,0.2,3072635950,,931,1,2,,,0.0005767771567527473
850,PATCH,1000,2,0.2,0.1,0.4,0.2,3072635950,,782,1,2,,,0.0005535273826687679
851,PATCH,1000,2,0.2,0.1,0.4,0.2,3072635950,,359,1,7,,,0.00170471796738559
852,PATCH,1000,2,0.2,0.1,0.4,0.2,3072635950,,307,1,2,,,0.0005236539030877204
853,PATCH,1000,2,0.2,0.1,0.4,0.2,3072635950,,652,1,3,,,0.0008043917433004855
854,PATCH,1000,2,0.2,0.1,0.4,0.2,3072635950,,304,1,4,,,0.0010231915905589766
855,PATCH,1000,2,0.2,0.1,0.4,0.2,3072635950,,108,1,10,,,0.002340777621882869
856,PATCH,1000,2,0.2,0.1,0.4,0.2,3072635950,,873,1,2,,,0.0005555920083857774
857,PATCH,1000,2,0.2,0.1,0.4,0.2,3072635950,,837,1,2,,,0.0005724688777050163
858,PATCH,1000,2,0.2,0.1,0.4,0.2,3072635950,,713,1,2,,,0.0005447884196657643
859,PATCH,1000,2,0.2,0.1,0.4,0.2,3072635950,,438,1,3,,,0.0007725331832989518
860,PATCH,1000,2,0.2,0.1,0.4,0.2,3072635950,,24,1,10,,,0.002312087469437538
861,PATCH,1000,2,0.2,0.1,0.4,0.2,3072635950,,118,1,2,,,0.000534502898989266
862,PATCH,1000,2,0.2,0.1,0.4,0.2,3072635950,,483,1,3,,,0.0007997102755870881
863,PATCH,1000,2,0.2,0.1,0.4,0.2,3072635950,,156,1,2,,,0.000531337175531735
864,PATCH,1000,2,0.2,0.1,0.4,0.2,3072635950,,148,1,12,,,0.0027841172282727753
865,PATCH,1000,2,0.2,0.1,0.4,0.2,3072635950,,212,1,2,,,0.0005576012215347807
866,PATCH,1000,2,0.2,0.1,0.4,0.2,3072635950,,80,1,8,,,0.0018564620620318449
867,PATCH,1000,2,0.2,0.1,0.4,0.2,3072635950,,516,1,4,,,0.0010289111349130293
868,PATCH,1000,2,0.2,0.1,0.4,0.2,3072635950,,587,1,2,,,0.0005837930618309405
869,PATCH,1000,2,0.2,0.1,0.4,0.2,3072635950,,887,1,2,,,0.0006181298712160043
870,PATCH,1000,2,0.2,0.1,0.4,0.2,3072635950,,418,1,2,,,0.0005370866651407994
871,PATCH,1000,2,0.2,0.1,0.4,0.2,3072635950,,947,1,2,,,0.0005516851422479509
872,PATCH,1000,2,0.2,0.1,0.4,0.2,3072635950,,351,1,6,,,0.0014878701603057015
873,PATCH,1000,2,0.2,0.1,0.4,0.2,3072635950,,521,1,2,,,0.0005364194166804763
874,PATCH,1000,2,0.2,0.1,0.4,0.2,3072635950,,517,1,2,,,0.0006040048419293936
875,PATCH,1000,2,0.2,0.1,0.4,0.2,3072635950,,845,1,2,,,0.0005540098513705463
876,PATCH,1000,2,0.2,0.1,0.4,0.2,3072635950,,799,1,2,,,0.0005807846656620012
877,PATCH,1000,2,0.2,0.1,0.4,0.2,3072635950,,242,1,4,,,0.001027680585112854
878,PATCH,1000,2,0.2,0.1,0.4,0.2,3072635950,,32,1,13,,,0.0029665565290573613
879,PATCH,1000,2,0.2,0.1,0.4,0.2,3072635950,,677,1,2,,,0.0005789531620433742
880,PATCH,1000,2,0.2,0.1,0.4,0.2,3072635950,,315,1,5,,,0.0012850175616000692
881,PATCH,1000,2,0.2,0.1,0.4,0.2,3072635950,,63,1,11,,,0.002501155636576856
882,PATCH,1000,2,0.2,0.1,0.4,0.2,3072635950,,494,1,3,,,0.000761921070226552
883,PATCH,1000,2,0.2,0.1,0.4,0.2,3072635950,,795,1,2,,,0.0006092712567033166
884,PATCH,1000,2,0.2,0.1,0.4,0.2,3072635950,,789,1,2,,,0.0005769786771373376
885,PATCH,1000,2,0.2,0.1,0.4,0.2,3072635950,,367,1,6,,,0.001518702054253026
886,PATCH,1000,2,0.2,0.1,0.4,0.2,3072635950,,463,1,7,,,0.0017471159770540725
887,PATCH,1000,2,0.2,0.1,0.4,0.2,3072635950,,866,1,2,,,0.0005992697782347733
888,PATCH,1000,2,0.2,0.1,0.4,0.2,3072635950,,384,1,3,,,0.000810955806012842
889,PATCH,1000,2,0.2,0.1,0.4,0.2,3072635950,,149,1,4,,,0.0009812965747090984
890,PATCH,1000,2,0.2,0.1,0.4,0.2,3072635950,,192,1,4,,,0.0010319625321568904
891,PATCH,1000,2,0.2,0.1,0.4,0.2,3072635950,,754,1,2,,,0.0005315171226248481
892,PATCH,1000,2,0.2,0.1,0.4,0.2,3072635950,,538,1,2,,,0.0005579923546299
893,PATCH,1000,2,0.2,0.1,0.4,0.2,3072635950,,356,1,3,,,0.0007595361394841459
894,PATCH,1000,2,0.2,0.1,0.4,0.2,3072635950,,477,1,3,,,0.0008333634839387408
895,PATCH,1000,2,0.2,0.1,0.4,0.2,3072635950,,394,1,2,,,0.0005348073953544999
896,PATCH,1000,2,0.2,0.1,0.4,0.2,3072635950,,33,1,27,,,0.005989445735722552
897,PATCH,1000,2,0.2,0.1,0.4,0.2,3072635950,,45,1,10,,,0.0023747035047773563
898,PATCH,1000,2,0.2,0.1,0.4,0.2,3072635950,,52,1,9,,,0.002014637569323142
899,PATCH,1000,2,0.2,0.1,0.4,0.2,3072635950,,582,1,2,,,0.0005948692347849915
900,PATCH,1000,2,0.2,0.1,0.4,0.2,3072635950,,0,1,17,,,0.003715334772093249
901,PATCH,1000,2,0.2,0.1,0.4,0.2,3072635950,,162,1,6,,,0.0015012392585780283
902,PATCH,1000,2,0.2,0.1,0.4,0.2,3072635950,,762,1,3,,,0.0008128667174728203
903,PATCH,1000,2,0.2,0.1,0.4,0.2,3072635950,,731,1,2,,,0.0005243525353697063
904,PATCH,1000,2,0.2,0.1,0.4,0.2,3072635950,,522,1,2,,,0.0005522164651206798
905,PATCH,1000,2,0.2,0.1,0.4,0.2,3072635950,,826,1,2,,,0.0005277946651881739
906,PATCH,1000,2,0.2,0.1,0.4,0.2,3072635950,,601,1,3,,,0.000825054349677866
907,PATCH,1000,2,0.2,0.1,0.4,0.2,3072635950,,165,1,4,,,0.001023266601465391
908,PATCH,1000,2,0.2,0.1,0.4,0.2,3072635950,,640,1,2,,,0.0005246009378575181
909,PATCH,1000,2,0.2,0.1,0.4,0.2,3072635950,,594,1,2,,,0.0005530199457084199
910,PATCH,1000,2,0.2,0.1,0.4,0.2,3072635950,,411,1,2,,,0.0005413458585610905
911,PATCH,1000,2,0.2,0.1,0.4,0.2,3072635950,,894,1,3,,,0.0008035685462413536
912,PATCH,1000,2,0.2,0.1,0.4,0.2,3072635950,,416,1,2,,,0.0005479624175220612
913,PATCH,1000,2,0.2,0.1,0.4,0.2,3072635950,,613,1,2,,,0.0005642592979318188
914,PATCH,1000,2,0.2,0.1,0.4,0.2,3072635950,,36,1,4,,,0.000965305285282528
915,PATCH,1000,2,0.2,0.1,0.4,0.2,3072635950,,341,1,3,,,0.0008014572896364282
916,PATCH,1000,2,0.2,0.1,0.4,0.2,3072635950,,808,1,2,,,0.0005577156437493707
917,PATCH,1000,2,0.2,0.1,0.4,0.2,3072635950,,586,1,4,,,0.0010015164982777641
918,PATCH,1000,2,0.2,0.1,0.4,0.2,3072635950,,390,1,4,,,0.0009884879445618017
919,PATCH,1000,2,0.2,0.1,0.4,0.2,3072635950,,662,1,3,,,0.0007686022662633413
920,PATCH,1000,2,0.2,0.1,0.4,0.2,3072635950,,200,1,2,,,0.0005407283531213186
921,PATCH,1000,2,0.2,0.1,0.4,0.2,3072635950,,695,1,2,,,0.0005477863434307751
922,PATCH,1000,2,0.2,0.1,0.4,0.2,3072635950,,766,1,2,,,0.0005328300530581264
923,PATCH,1000,2,0.2,0.1,0.4,0.2,3072635950,,323,1,3,,,0.0007525273317582607
924,PATCH,1000,2,0.2,0.1,0.4,0.2,3072635950,,524,1,2,,,0.0005467207346523177
925,PATCH,1000,2,0.2,0.1,0.4,0.2,3072635950,,374,1,4,,,0.0010497703085105387
926,PATCH,1000,2,0.2,0.1,0.4,0.2,3072635950,,280,1,3,,,0.0007987122313338688
927,PATCH,1000,2,0.2,0.1,0.4,0.2,3072635950,,820,1,2,,,0.0005774423512490256
928,PATCH,1000,2,0.2,0.1,0.4,0.2,3072635950,,636,1,2,,,0.0005953479961439848
929,PATCH,1000,2,0.2,0.1,0.4,0.2,3072635950,,168,1,2,,,0.0005278025707635626
930,PATCH,1000,2,0.2,0.1,0.4,0.2,3072635950,,637,1,3,,,0.0008097101547819382
931,PATCH,1000,2,0.2,0.1,0.4,0.2,3072635950,,7,1,41,,,0.00878402578755362
932,PATCH,1000,2,0.2,0.1,0.4,0.2,3072635950,,965,1,2,,,0.0005369026266668452
933,PATCH,1000,2,0.2,0.1,0.4,0.2,3072635950,,485,1,2,,,0.0005789867229556491
934,PATCH,1000,2,0.2,0.1,0.4,0.2,3072635950,,129,1,10,,,0.0022977485371695606
935,PATCH,1000,2,0.2,0.1,0.4,0.2,3072635950,,96,1,6,,,0.0013757332635646023
936,PATCH,1000,2,0.2,0.1,0.4,0.2,3072635950,,838,1,2,,,0.0005535005768494012
937,PATCH,1000,2,0.2,0.1,0.4,0.2,3072635950,,621,1,5,,,0.0012624592035010028
938,PATCH,1000,2,0.2,0.1,0.4,0.2,3072635950,,689,1,2,,,0.0005372850226338018
939,PATCH,1000,2,0.2,0.1,0.4,0.2,3072635950,,222,1,4,,,0.001016724446174224
940,PATCH,1000,2,0.2,0.1,0.4,0.2,3072635950,,436,1,3,,,0.0007734393149649332
941,PATCH,1000,2,0.2,0.1,0.4,0.2,3072635950,,641,1,2,,,0.0005530950062926765
942,PATCH,1000,2,0.2,0.1,0.4,0.2,3072635950,,465,1,4,,,0.0009857965791610168
943,PATCH,1000,2,0.2,0.1,0.4,0.2,3072635950,,728,1,2,,,0.0006068541761921104
944,PATCH,1000,2,0.2,0.1,0.4,0.2,3072635950,,412,1,4,,,0.0010247965728205977
945,PATCH,1000,2,0.2,0.1,0.4,0.2,3072635950,,715,1,3,,,0.0008004323160497851
946,PATCH,1000,2,0.2,0.1,0.4,0.2,3072635950,,885,1,2,,,0.0005650436163133575
947,PATCH,1000,2,0.2,0.1,0.4,0.2,3072635950,,360,1,5,,,0.0012620775937134587
948,PATCH,1000,2,0.2,0.1,0.4,0.2,3072635950,,999,1,2,,,0.0005421530290330946
949,PATCH,1000,2,0.2,0.1,0.4,0.2,3072635950,,352,1,4,,,0.0009962454734506652
950,PATCH,1000,2,0.2,0.1,0.4,0.2,3072635950,,547,1,2,,,0.0005629661366334733
951,PATCH,1000,2,0.2,0.1,0.4,0.2,3072635950,,221,1,4,,,0.0009571462756904439
952,PATCH,1000,2,0.2,0.1,0.4,0.2,3072635950,,60,1,9,,,0.002117283978404911
953,PATCH,1000,2,0.2,0.1,0.4,0.2,3072635950,,859,1,2,,,0.0005339335120319018
954,PATCH,1000,2,0.2,0.1,0.4,0.2,3072635950,,541,1,2,,,0.000546632740599875
955,PATCH,1000,2,0.2,0.1,0.4,0.2,3072635950,,957,1,2,,,0.0005352991968690506
956,PATCH,1000,2,0.2,0.1,0.4,0.2,3072635950,,179,1,6,,,0.0014562951491651059
957,PATCH,1000,2,0.2,0.1,0.4,0.2,3072635950,,562,1,3,,,0.0008385326568674954
958,PATCH,1000,2,0.2,0.1,0.4,0.2,3072635950,,157,1,6,,,0.001433432885849721
959,PATCH,1000,2,0.2,0.1,0.4,0.2,3072635950,,501,1,3,,,0.000812205583927656
960,PATCH,1000,2,0.2,0.1,0.4,0.2,3072635950,,444,1,3,,,0.000758129649810246
961,PATCH,1000,2,0.2,0.1,0.4,0.2,3072635950,,233,1,6,,,0.0014793803450667826
962,PATCH,1000,2,0.2,0.1,0.4,0.2,3072635950,,944,1,2,,,0.0005420166571831425
963,PATCH,1000,2,0.2,0.1,0.4,0.2,3072635950,,30,1,10,,,0.0023189516785325154
964,PATCH,1000,2,0.2,0.1,0.4,0.2,3072635950,,928,1,2,,,0.000550819294891782
965,PATCH,1000,2,0.2,0.1,0.4,0.2,3072635950,,920,1,2,,,0.0005672223909305869
966,PATCH,1000,2,0.2,0.1,0.4,0.2,3072635950,,70,1,8,,,0.0018559843161281508
967,PATCH,1000,2,0.2,0.1,0.4,0.2,3072635950,,146,1,6,,,0.0014533176383616996
968,PATCH,1000,2,0.2,0.1,0.4,0.2,3072635950,,707,1,2,,,0.0005398051316377541
969,PATCH,1000,2,0.2,0.1,0.4,0.2,3072635950,,121,1,9,,,0.002119084279767113
970,PATCH,1000,2,0.2,0.1,0.4,0.2,3072635950,,53,1,11,,,0.0025447857101893404
971,PATCH,1000,2,0.2,0.1,0.4,0.2,3072635950,,575,1,3,,,0.0007948318290138305
972,PATCH,1000,2,0.2,0.1,0.4,0.2,3072635950,,849,1,2,,,0.0005363040411258547
973,PATCH,1000,2,0.2,0.1,0.4,0.2,3072635950,,971,1,2,,,0.0005464790897084855
974,PATCH,1000,2,0.2,0.1,0.4,0.2,3072635950,,770,1,2,,,0.0005851516167342633
975,PATCH,1000,2,0.2,0.1,0.4,0.2,3072635950,,327,1,3,,,0.0007741148209482633
976,PATCH,1000,2,0.2,0.1,0.4,0.2,3072635950,,112,1,6,,,0.0014180216774757287
977,PATCH,1000,2,0.2,0.1,0.4,0.2,3072635950,,974,1,2,,,0.0005228409428896234
978,PATCH,1000,2,0.2,0.1,0.4,0.2,3072635950,,312,1,3,,,0.0007673410015597926
979,PATCH,1000,2,0.2,0.1,0.4,0.2,3072635950,,186,1,17,,,0.003933508689631967
980,PATCH,1000,2,0.2,0.1,0.4,0.2,3072635950,,729,1,3,,,0.0008461637979143602
981,PATCH,1000,2,0.2,0.1,0.4,0.2,3072635950,,260,1,6,,,0.001490613797734239
982,PATCH,1000,2,0.2,0.1,0.4,0.2,3072635950,,475,1,3,,,0.0007962475918821296
983,PATCH,1000,2,0.2,0.1,0.4,0.2,3072635950,,265,1,3,,,0.0007365691183392394
984,PATCH,1000,2,0.2,0.1,0.4,0.2,3072635950,,480,1,6,,,0.0014606730825103779
985,PATCH,1000,2,0.2,0.1,0.4,0.2,3072635950,,252,1,7,,,0.0017441254111107507
986,PATCH,1000,2,0.2,0.1,0.4,0.2,3072635950,,482,1,2,,,0.0005465100283258767
987,PATCH,1000,2,0.2,0.1,0.4,0.2,3072635950,,410,1,6,,,0.0014550949619956718
988,PATCH,1000,2,0.2,0.1,0.4,0.2,3072635950,,830,1,2,,,0.0005804421744895378
989,PATCH,1000,2,0.2,0.1,0.4,0.2,3072635950,,496,1,5,,,0.0012423357139683489
990,PATCH,1000,2,0.2,0.1,0.4,0.2,3072635950,,732,1,2,,,0.0005688987969929712
991,PATCH,1000,2,0.2,0.1,0.4,0.2,3072635950,,937,1,2,,,0.0005716582926041816
992,PATCH,1000,2,0.2,0.1,0.4,0.2,3072635950,,642,1,3,,,0.000822736984353478
993,PATCH,1000,2,0.2,0.1,0.4,0.2,3072635950,,55,1,8,,,0.0017630103865051883
994,PATCH,1000,2,0.2,0.1,0.4,0.2,3072635950,,961,1,2,,,0.0005200972035806558
995,PATCH,1000,2,0.2,0.1,0.4,0.2,3072635950,,474,1,2,,,0.00057264708921413
996,PATCH,1000,2,0.2,0.1,0.4,0.2,3072635950,,378,1,4,,,0.0010275331595150036
997,PATCH,1000,2,0.2,0.1,0.4,0.2,3072635950,,803,1,2,,,0.000599639184111702
998,PATCH,1000,2,0.2,0.1,0.4,0.2,3072635950,,3,1,45,,,0.009494207228699788
999,PATCH,1000,2,0.2,0.1,0.4,0.2,3072635950,,602,1,2,,,0.0005231983178745937
