,name,N,m,fm,h_MM,h_mm,tc,seed,network_id,node,label,degree,indegree,outdegree,pagerank
0,PATCH,1000,2,0.4,1.0,0.6,0.2,931871119,,660,0,2,,,0.000545001012718561
1,PATCH,1000,2,0.4,1.0,0.6,0.2,931871119,,65,0,7,,,0.0015934188566499152
2,PATCH,1000,2,0.4,1.0,0.6,0.2,931871119,,114,0,4,,,0.000982099419647232
3,PATCH,1000,2,0.4,1.0,0.6,0.2,931871119,,80,0,13,,,0.002971056992692827
4,PATCH,1000,2,0.4,1.0,0.6,0.2,931871119,,493,0,2,,,0.0005772297045242098
5,PATCH,1000,2,0.4,1.0,0.6,0.2,931871119,,870,0,3,,,0.0007949595940179528
6,PATCH,1000,2,0.4,1.0,0.6,0.2,931871119,,539,0,3,,,0.0007876612266859695
7,PATCH,1000,2,0.4,1.0,0.6,0.2,931871119,,231,0,2,,,0.0005309279710779865
8,PATCH,1000,2,0.4,1.0,0.6,0.2,931871119,,948,0,2,,,0.0005477361374392914
9,PATCH,1000,2,0.4,1.0,0.6,0.2,931871119,,123,0,5,,,0.001201151212780316
10,PATCH,1000,2,0.4,1.0,0.6,0.2,931871119,,731,0,2,,,0.000551953516679418
11,PATCH,1000,2,0.4,1.0,0.6,0.2,931871119,,801,0,2,,,0.0005495821058773539
12,PATCH,1000,2,0.4,1.0,0.6,0.2,931871119,,175,0,3,,,0.0007584798289185799
13,PATCH,1000,2,0.4,1.0,0.6,0.2,931871119,,773,0,3,,,0.0008159207009387312
14,PATCH,1000,2,0.4,1.0,0.6,0.2,931871119,,265,0,2,,,0.0005324144282003049
15,PATCH,1000,2,0.4,1.0,0.6,0.2,931871119,,765,0,2,,,0.0005720674277042543
16,PATCH,1000,2,0.4,1.0,0.6,0.2,931871119,,7,0,12,,,0.0025893798203732955
17,PATCH,1000,2,0.4,1.0,0.6,0.2,931871119,,534,0,3,,,0.0007975093829610559
18,PATCH,1000,2,0.4,1.0,0.6,0.2,931871119,,562,0,2,,,0.0005972678830939803
19,PATCH,1000,2,0.4,1.0,0.6,0.2,931871119,,529,0,2,,,0.0005398322348169499
20,PATCH,1000,2,0.4,1.0,0.6,0.2,931871119,,503,0,3,,,0.0007418745277753274
21,PATCH,1000,2,0.4,1.0,0.6,0.2,931871119,,918,0,2,,,0.0005876731744170603
22,PATCH,1000,2,0.4,1.0,0.6,0.2,931871119,,325,0,4,,,0.0010200073207302413
23,PATCH,1000,2,0.4,1.0,0.6,0.2,931871119,,606,0,5,,,0.0012804498549070856
24,PATCH,1000,2,0.4,1.0,0.6,0.2,931871119,,980,0,2,,,0.000527742690397409
25,PATCH,1000,2,0.4,1.0,0.6,0.2,931871119,,953,0,3,,,0.000812801748855488
26,PATCH,1000,2,0.4,1.0,0.6,0.2,931871119,,892,0,2,,,0.0005339698684357383
27,PATCH,1000,2,0.4,1.0,0.6,0.2,931871119,,737,0,2,,,0.0005721905485126876
28,PATCH,1000,2,0.4,1.0,0.6,0.2,931871119,,452,0,2,,,0.0005695380104956594
29,PATCH,1000,2,0.4,1.0,0.6,0.2,931871119,,475,0,5,,,0.0012965828557200078
30,PATCH,1000,2,0.4,1.0,0.6,0.2,931871119,,476,0,4,,,0.001022412376422297
31,PATCH,1000,2,0.4,1.0,0.6,0.2,931871119,,227,0,6,,,0.0014734432566460352
32,PATCH,1000,2,0.4,1.0,0.6,0.2,931871119,,465,0,2,,,0.0005733937796210574
33,PATCH,1000,2,0.4,1.0,0.6,0.2,931871119,,906,0,4,,,0.0010548675102398728
34,PATCH,1000,2,0.4,1.0,0.6,0.2,931871119,,960,0,2,,,0.0006086810160119239
35,PATCH,1000,2,0.4,1.0,0.6,0.2,931871119,,666,0,4,,,0.0010308069943476216
36,PATCH,1000,2,0.4,1.0,0.6,0.2,931871119,,844,0,2,,,0.0005957459387158121
37,PATCH,1000,2,0.4,1.0,0.6,0.2,931871119,,897,0,2,,,0.0005920343706783094
38,PATCH,1000,2,0.4,1.0,0.6,0.2,931871119,,766,0,2,,,0.0005887162479879159
39,PATCH,1000,2,0.4,1.0,0.6,0.2,931871119,,420,0,2,,,0.0005392212364532672
40,PATCH,1000,2,0.4,1.0,0.6,0.2,931871119,,920,0,2,,,0.0005530991032759967
41,PATCH,1000,2,0.4,1.0,0.6,0.2,931871119,,228,0,2,,,0.0005601184823925713
42,PATCH,1000,2,0.4,1.0,0.6,0.2,931871119,,243,0,2,,,0.000541256648113381
43,PATCH,1000,2,0.4,1.0,0.6,0.2,931871119,,521,0,2,,,0.0005445066776510742
44,PATCH,1000,2,0.4,1.0,0.6,0.2,931871119,,794,0,2,,,0.0005668809823635238
45,PATCH,1000,2,0.4,1.0,0.6,0.2,931871119,,180,0,4,,,0.0009906354829705166
46,PATCH,1000,2,0.4,1.0,0.6,0.2,931871119,,600,0,3,,,0.0008113808827150251
47,PATCH,1000,2,0.4,1.0,0.6,0.2,931871119,,847,0,2,,,0.0005298845006663554
48,PATCH,1000,2,0.4,1.0,0.6,0.2,931871119,,803,0,2,,,0.0005278868443304573
49,PATCH,1000,2,0.4,1.0,0.6,0.2,931871119,,435,0,5,,,0.001237603952707629
50,PATCH,1000,2,0.4,1.0,0.6,0.2,931871119,,431,0,3,,,0.0008015460486048698
51,PATCH,1000,2,0.4,1.0,0.6,0.2,931871119,,195,0,3,,,0.0007835141925830913
52,PATCH,1000,2,0.4,1.0,0.6,0.2,931871119,,58,0,10,,,0.0022368964575976103
53,PATCH,1000,2,0.4,1.0,0.6,0.2,931871119,,518,0,2,,,0.0005570287097390827
54,PATCH,1000,2,0.4,1.0,0.6,0.2,931871119,,161,0,4,,,0.0010020603473018751
55,PATCH,1000,2,0.4,1.0,0.6,0.2,931871119,,149,0,8,,,0.001865536360315284
56,PATCH,1000,2,0.4,1.0,0.6,0.2,931871119,,557,0,2,,,0.0005232514305078972
57,PATCH,1000,2,0.4,1.0,0.6,0.2,931871119,,41,0,3,,,0.0007589930193409292
58,PATCH,1000,2,0.4,1.0,0.6,0.2,931871119,,859,0,2,,,0.0006010888450747276
59,PATCH,1000,2,0.4,1.0,0.6,0.2,931871119,,137,0,9,,,0.002145601248898947
60,PATCH,1000,2,0.4,1.0,0.6,0.2,931871119,,734,0,2,,,0.0005691342310373257
61,PATCH,1000,2,0.4,1.0,0.6,0.2,931871119,,381,0,4,,,0.0010034596887369739
62,PATCH,1000,2,0.4,1.0,0.6,0.2,931871119,,156,0,2,,,0.0005344233855871708
63,PATCH,1000,2,0.4,1.0,0.6,0.2,931871119,,178,0,2,,,0.0005342742904431545
64,PATCH,1000,2,0.4,1.0,0.6,0.2,931871119,,358,0,4,,,0.000984709160106949
65,PATCH,1000,2,0.4,1.0,0.6,0.2,931871119,,489,0,4,,,0.001011836933398586
66,PATCH,1000,2,0.4,1.0,0.6,0.2,931871119,,449,0,3,,,0.0007992464038370311
67,PATCH,1000,2,0.4,1.0,0.6,0.2,931871119,,543,0,2,,,0.0005354091950396351
68,PATCH,1000,2,0.4,1.0,0.6,0.2,931871119,,504,0,3,,,0.0007893586187187151
69,PATCH,1000,2,0.4,1.0,0.6,0.2,931871119,,219,0,3,,,0.0007389142338450349
70,PATCH,1000,2,0.4,1.0,0.6,0.2,931871119,,416,0,2,,,0.0005525294410831405
71,PATCH,1000,2,0.4,1.0,0.6,0.2,931871119,,949,0,2,,,0.0005521991894866559
72,PATCH,1000,2,0.4,1.0,0.6,0.2,931871119,,725,0,3,,,0.0008353719039862759
73,PATCH,1000,2,0.4,1.0,0.6,0.2,931871119,,379,0,4,,,0.0009753880973291008
74,PATCH,1000,2,0.4,1.0,0.6,0.2,931871119,,338,0,2,,,0.0005543032168313248
75,PATCH,1000,2,0.4,1.0,0.6,0.2,931871119,,899,0,2,,,0.0005268238467437308
76,PATCH,1000,2,0.4,1.0,0.6,0.2,931871119,,185,0,3,,,0.0008228440395599347
77,PATCH,1000,2,0.4,1.0,0.6,0.2,931871119,,339,0,3,,,0.0007849337760870323
78,PATCH,1000,2,0.4,1.0,0.6,0.2,931871119,,985,0,2,,,0.0006050506206499095
79,PATCH,1000,2,0.4,1.0,0.6,0.2,931871119,,776,0,2,,,0.0006130038830255873
80,PATCH,1000,2,0.4,1.0,0.6,0.2,931871119,,254,0,3,,,0.0007965975548737054
81,PATCH,1000,2,0.4,1.0,0.6,0.2,931871119,,733,0,2,,,0.0005211501511999012
82,PATCH,1000,2,0.4,1.0,0.6,0.2,931871119,,234,0,2,,,0.0005669381099196698
83,PATCH,1000,2,0.4,1.0,0.6,0.2,931871119,,306,0,3,,,0.0008006729097486227
84,PATCH,1000,2,0.4,1.0,0.6,0.2,931871119,,965,0,2,,,0.0005979703116907208
85,PATCH,1000,2,0.4,1.0,0.6,0.2,931871119,,648,0,3,,,0.0008080560325570365
86,PATCH,1000,2,0.4,1.0,0.6,0.2,931871119,,830,0,3,,,0.0008489076398513813
87,PATCH,1000,2,0.4,1.0,0.6,0.2,931871119,,746,0,2,,,0.0005607405550158919
88,PATCH,1000,2,0.4,1.0,0.6,0.2,931871119,,313,0,6,,,0.0014783498311868395
89,PATCH,1000,2,0.4,1.0,0.6,0.2,931871119,,577,0,3,,,0.0007716701143722567
90,PATCH,1000,2,0.4,1.0,0.6,0.2,931871119,,6,0,24,,,0.005150328598530079
91,PATCH,1000,2,0.4,1.0,0.6,0.2,931871119,,511,0,5,,,0.0012569081216823974
92,PATCH,1000,2,0.4,1.0,0.6,0.2,931871119,,950,0,2,,,0.0005194009052729544
93,PATCH,1000,2,0.4,1.0,0.6,0.2,931871119,,59,0,9,,,0.002019520228137862
94,PATCH,1000,2,0.4,1.0,0.6,0.2,931871119,,126,0,3,,,0.0007479916930678723
95,PATCH,1000,2,0.4,1.0,0.6,0.2,931871119,,240,0,4,,,0.0010521469276181718
96,PATCH,1000,2,0.4,1.0,0.6,0.2,931871119,,705,0,2,,,0.0005591264668140012
97,PATCH,1000,2,0.4,1.0,0.6,0.2,931871119,,100,0,6,,,0.001421901517081054
98,PATCH,1000,2,0.4,1.0,0.6,0.2,931871119,,182,0,9,,,0.002175056651530927
99,PATCH,1000,2,0.4,1.0,0.6,0.2,931871119,,796,0,3,,,0.0008152295851378504
100,PATCH,1000,2,0.4,1.0,0.6,0.2,931871119,,891,0,2,,,0.0005957919142419186
101,PATCH,1000,2,0.4,1.0,0.6,0.2,931871119,,569,0,3,,,0.0008150600218131907
102,PATCH,1000,2,0.4,1.0,0.6,0.2,931871119,,885,0,2,,,0.0005285757890262473
103,PATCH,1000,2,0.4,1.0,0.6,0.2,931871119,,723,0,2,,,0.0005398460206726315
104,PATCH,1000,2,0.4,1.0,0.6,0.2,931871119,,630,0,2,,,0.0005593909302868679
105,PATCH,1000,2,0.4,1.0,0.6,0.2,931871119,,958,0,2,,,0.0005360809405333265
106,PATCH,1000,2,0.4,1.0,0.6,0.2,931871119,,218,0,3,,,0.0007671649511945489
107,PATCH,1000,2,0.4,1.0,0.6,0.2,931871119,,494,0,4,,,0.0010630694349652106
108,PATCH,1000,2,0.4,1.0,0.6,0.2,931871119,,233,0,8,,,0.0018865734266996495
109,PATCH,1000,2,0.4,1.0,0.6,0.2,931871119,,301,0,4,,,0.0009718306656070236
110,PATCH,1000,2,0.4,1.0,0.6,0.2,931871119,,946,0,2,,,0.0005445260084950851
111,PATCH,1000,2,0.4,1.0,0.6,0.2,931871119,,406,0,4,,,0.001007782922225162
112,PATCH,1000,2,0.4,1.0,0.6,0.2,931871119,,388,0,2,,,0.0005664947577492464
113,PATCH,1000,2,0.4,1.0,0.6,0.2,931871119,,631,0,3,,,0.0008423089633998199
114,PATCH,1000,2,0.4,1.0,0.6,0.2,931871119,,57,0,2,,,0.0005344172447337943
115,PATCH,1000,2,0.4,1.0,0.6,0.2,931871119,,27,0,16,,,0.0036471530401428792
116,PATCH,1000,2,0.4,1.0,0.6,0.2,931871119,,665,0,4,,,0.0010473939684468834
117,PATCH,1000,2,0.4,1.0,0.6,0.2,931871119,,229,0,4,,,0.0010113994669651532
118,PATCH,1000,2,0.4,1.0,0.6,0.2,931871119,,112,0,7,,,0.001718502159673866
119,PATCH,1000,2,0.4,1.0,0.6,0.2,931871119,,525,0,2,,,0.0005841391445392489
120,PATCH,1000,2,0.4,1.0,0.6,0.2,931871119,,365,0,2,,,0.0005579418528872532
121,PATCH,1000,2,0.4,1.0,0.6,0.2,931871119,,207,0,3,,,0.0007513157289332884
122,PATCH,1000,2,0.4,1.0,0.6,0.2,931871119,,756,0,2,,,0.0005893512667586139
123,PATCH,1000,2,0.4,1.0,0.6,0.2,931871119,,429,0,2,,,0.0005600005583328779
124,PATCH,1000,2,0.4,1.0,0.6,0.2,931871119,,603,0,2,,,0.0005677276718857769
125,PATCH,1000,2,0.4,1.0,0.6,0.2,931871119,,811,0,2,,,0.0005531086614662091
126,PATCH,1000,2,0.4,1.0,0.6,0.2,931871119,,715,0,4,,,0.0010711039487448222
127,PATCH,1000,2,0.4,1.0,0.6,0.2,931871119,,649,0,3,,,0.0008361105203187586
128,PATCH,1000,2,0.4,1.0,0.6,0.2,931871119,,903,0,2,,,0.0005498242356064348
129,PATCH,1000,2,0.4,1.0,0.6,0.2,931871119,,936,0,2,,,0.0005927057488563726
130,PATCH,1000,2,0.4,1.0,0.6,0.2,931871119,,8,0,47,,,0.010109309362933265
131,PATCH,1000,2,0.4,1.0,0.6,0.2,931871119,,690,0,2,,,0.0005694217699302219
132,PATCH,1000,2,0.4,1.0,0.6,0.2,931871119,,417,0,3,,,0.0007628664167918182
133,PATCH,1000,2,0.4,1.0,0.6,0.2,931871119,,516,0,3,,,0.0007616266858757348
134,PATCH,1000,2,0.4,1.0,0.6,0.2,931871119,,42,0,3,,,0.000783391640396861
135,PATCH,1000,2,0.4,1.0,0.6,0.2,931871119,,278,0,2,,,0.000535532498202941
136,PATCH,1000,2,0.4,1.0,0.6,0.2,931871119,,896,0,2,,,0.0005751406336499265
137,PATCH,1000,2,0.4,1.0,0.6,0.2,931871119,,291,0,3,,,0.0008358704848887433
138,PATCH,1000,2,0.4,1.0,0.6,0.2,931871119,,186,0,5,,,0.0012450419812001902
139,PATCH,1000,2,0.4,1.0,0.6,0.2,931871119,,934,0,2,,,0.000591660384130908
140,PATCH,1000,2,0.4,1.0,0.6,0.2,931871119,,791,0,5,,,0.0013217397818511571
141,PATCH,1000,2,0.4,1.0,0.6,0.2,931871119,,393,0,3,,,0.0007980781650738553
142,PATCH,1000,2,0.4,1.0,0.6,0.2,931871119,,94,0,5,,,0.0012330547221623325
143,PATCH,1000,2,0.4,1.0,0.6,0.2,931871119,,206,0,4,,,0.001004856415619861
144,PATCH,1000,2,0.4,1.0,0.6,0.2,931871119,,565,0,3,,,0.0007836154467858247
145,PATCH,1000,2,0.4,1.0,0.6,0.2,931871119,,487,0,3,,,0.0008325852832257772
146,PATCH,1000,2,0.4,1.0,0.6,0.2,931871119,,881,0,2,,,0.0006079910835577176
147,PATCH,1000,2,0.4,1.0,0.6,0.2,931871119,,818,0,2,,,0.0006203967927544273
148,PATCH,1000,2,0.4,1.0,0.6,0.2,931871119,,815,0,3,,,0.0007697730096411608
149,PATCH,1000,2,0.4,1.0,0.6,0.2,931871119,,290,0,2,,,0.0005404494450241374
150,PATCH,1000,2,0.4,1.0,0.6,0.2,931871119,,1,0,28,,,0.006005698142047729
151,PATCH,1000,2,0.4,1.0,0.6,0.2,931871119,,726,0,2,,,0.0005821188179981541
152,PATCH,1000,2,0.4,1.0,0.6,0.2,931871119,,588,0,2,,,0.0005376142723802983
153,PATCH,1000,2,0.4,1.0,0.6,0.2,931871119,,236,0,5,,,0.001203213690114747
154,PATCH,1000,2,0.4,1.0,0.6,0.2,931871119,,74,0,7,,,0.0016828697647932331
155,PATCH,1000,2,0.4,1.0,0.6,0.2,931871119,,809,0,2,,,0.0005875986160508061
156,PATCH,1000,2,0.4,1.0,0.6,0.2,931871119,,793,0,2,,,0.0006061046789751546
157,PATCH,1000,2,0.4,1.0,0.6,0.2,931871119,,984,0,2,,,0.0006175924607163808
158,PATCH,1000,2,0.4,1.0,0.6,0.2,931871119,,994,0,2,,,0.0005600588245891981
159,PATCH,1000,2,0.4,1.0,0.6,0.2,931871119,,740,0,2,,,0.0005693498931506907
160,PATCH,1000,2,0.4,1.0,0.6,0.2,931871119,,437,0,2,,,0.0005315881231608392
161,PATCH,1000,2,0.4,1.0,0.6,0.2,931871119,,774,0,3,,,0.0008758983947733447
162,PATCH,1000,2,0.4,1.0,0.6,0.2,931871119,,868,0,2,,,0.0005616572823586065
163,PATCH,1000,2,0.4,1.0,0.6,0.2,931871119,,961,0,2,,,0.0005599022956488697
164,PATCH,1000,2,0.4,1.0,0.6,0.2,931871119,,13,0,10,,,0.002207197080596614
165,PATCH,1000,2,0.4,1.0,0.6,0.2,931871119,,548,0,3,,,0.0007678925827539558
166,PATCH,1000,2,0.4,1.0,0.6,0.2,931871119,,267,0,2,,,0.0005367892962099424
167,PATCH,1000,2,0.4,1.0,0.6,0.2,931871119,,208,0,3,,,0.0007786123627167434
168,PATCH,1000,2,0.4,1.0,0.6,0.2,931871119,,739,0,2,,,0.0006196245950189472
169,PATCH,1000,2,0.4,1.0,0.6,0.2,931871119,,707,0,2,,,0.0005607014474662874
170,PATCH,1000,2,0.4,1.0,0.6,0.2,931871119,,775,0,2,,,0.0005338435138027146
171,PATCH,1000,2,0.4,1.0,0.6,0.2,931871119,,16,0,16,,,0.0034769399845428653
172,PATCH,1000,2,0.4,1.0,0.6,0.2,931871119,,488,0,2,,,0.0005311732779930318
173,PATCH,1000,2,0.4,1.0,0.6,0.2,931871119,,10,0,27,,,0.0058145469839286975
174,PATCH,1000,2,0.4,1.0,0.6,0.2,931871119,,86,0,6,,,0.0014266127488260936
175,PATCH,1000,2,0.4,1.0,0.6,0.2,931871119,,650,0,2,,,0.0005556692945736136
176,PATCH,1000,2,0.4,1.0,0.6,0.2,931871119,,97,0,7,,,0.0016253888550684093
177,PATCH,1000,2,0.4,1.0,0.6,0.2,931871119,,448,0,3,,,0.0008119536870214359
178,PATCH,1000,2,0.4,1.0,0.6,0.2,931871119,,712,0,2,,,0.0005392315485059452
179,PATCH,1000,2,0.4,1.0,0.6,0.2,931871119,,82,0,5,,,0.0012163628433037202
180,PATCH,1000,2,0.4,1.0,0.6,0.2,931871119,,177,0,4,,,0.000974559665413307
181,PATCH,1000,2,0.4,1.0,0.6,0.2,931871119,,657,0,2,,,0.0005499765732132191
182,PATCH,1000,2,0.4,1.0,0.6,0.2,931871119,,782,0,2,,,0.0005606355324347158
183,PATCH,1000,2,0.4,1.0,0.6,0.2,931871119,,878,0,2,,,0.0005995666850125857
184,PATCH,1000,2,0.4,1.0,0.6,0.2,931871119,,485,0,2,,,0.0005671732345468111
185,PATCH,1000,2,0.4,1.0,0.6,0.2,931871119,,768,0,2,,,0.0005799860091922498
186,PATCH,1000,2,0.4,1.0,0.6,0.2,931871119,,9,0,8,,,0.0018403734048795296
187,PATCH,1000,2,0.4,1.0,0.6,0.2,931871119,,441,0,2,,,0.0005465131888890448
188,PATCH,1000,2,0.4,1.0,0.6,0.2,931871119,,851,0,2,,,0.0005593780901167239
189,PATCH,1000,2,0.4,1.0,0.6,0.2,931871119,,758,0,2,,,0.0005470759626930425
190,PATCH,1000,2,0.4,1.0,0.6,0.2,931871119,,157,0,4,,,0.0009973322049867202
191,PATCH,1000,2,0.4,1.0,0.6,0.2,931871119,,822,0,2,,,0.0005830453329979815
192,PATCH,1000,2,0.4,1.0,0.6,0.2,931871119,,983,0,2,,,0.0005439278637683284
193,PATCH,1000,2,0.4,1.0,0.6,0.2,931871119,,833,0,2,,,0.0005567015682910937
194,PATCH,1000,2,0.4,1.0,0.6,0.2,931871119,,284,0,3,,,0.000746264791282522
195,PATCH,1000,2,0.4,1.0,0.6,0.2,931871119,,532,0,6,,,0.0014760587412072541
196,PATCH,1000,2,0.4,1.0,0.6,0.2,931871119,,163,0,19,,,0.004324834589982006
197,PATCH,1000,2,0.4,1.0,0.6,0.2,931871119,,549,0,4,,,0.001034040120339905
198,PATCH,1000,2,0.4,1.0,0.6,0.2,931871119,,618,0,2,,,0.0005631896648230432
199,PATCH,1000,2,0.4,1.0,0.6,0.2,931871119,,368,0,3,,,0.0007988310749440652
200,PATCH,1000,2,0.4,1.0,0.6,0.2,931871119,,764,0,3,,,0.0008381263661093505
201,PATCH,1000,2,0.4,1.0,0.6,0.2,931871119,,972,0,2,,,0.0006402444067511934
202,PATCH,1000,2,0.4,1.0,0.6,0.2,931871119,,457,0,3,,,0.000794936061209738
203,PATCH,1000,2,0.4,1.0,0.6,0.2,931871119,,567,0,3,,,0.0007970300102582894
204,PATCH,1000,2,0.4,1.0,0.6,0.2,931871119,,378,0,2,,,0.0005384164493894631
205,PATCH,1000,2,0.4,1.0,0.6,0.2,931871119,,835,0,2,,,0.0006034660859258026
206,PATCH,1000,2,0.4,1.0,0.6,0.2,931871119,,962,0,2,,,0.0005240523896232576
207,PATCH,1000,2,0.4,1.0,0.6,0.2,931871119,,377,0,3,,,0.0008536811417396925
208,PATCH,1000,2,0.4,1.0,0.6,0.2,931871119,,596,0,3,,,0.0007426233385813954
209,PATCH,1000,2,0.4,1.0,0.6,0.2,931871119,,615,0,4,,,0.0010025772383794066
210,PATCH,1000,2,0.4,1.0,0.6,0.2,931871119,,14,0,28,,,0.006079957574096657
211,PATCH,1000,2,0.4,1.0,0.6,0.2,931871119,,902,0,2,,,0.0005480532390158693
212,PATCH,1000,2,0.4,1.0,0.6,0.2,931871119,,862,0,2,,,0.000548842344647671
213,PATCH,1000,2,0.4,1.0,0.6,0.2,931871119,,222,0,5,,,0.0011850497344608316
214,PATCH,1000,2,0.4,1.0,0.6,0.2,931871119,,971,0,2,,,0.0005727188976308958
215,PATCH,1000,2,0.4,1.0,0.6,0.2,931871119,,703,0,2,,,0.0005508023578125767
216,PATCH,1000,2,0.4,1.0,0.6,0.2,931871119,,194,0,8,,,0.001857545699394651
217,PATCH,1000,2,0.4,1.0,0.6,0.2,931871119,,551,0,2,,,0.000538788637729609
218,PATCH,1000,2,0.4,1.0,0.6,0.2,931871119,,966,0,2,,,0.0005496485228847775
219,PATCH,1000,2,0.4,1.0,0.6,0.2,931871119,,470,0,4,,,0.0010318226077161948
220,PATCH,1000,2,0.4,1.0,0.6,0.2,931871119,,901,0,3,,,0.0008265250736831726
221,PATCH,1000,2,0.4,1.0,0.6,0.2,931871119,,329,0,6,,,0.0015246841346688788
222,PATCH,1000,2,0.4,1.0,0.6,0.2,931871119,,804,0,3,,,0.0008345363677985518
223,PATCH,1000,2,0.4,1.0,0.6,0.2,931871119,,964,0,2,,,0.0005672297220051784
224,PATCH,1000,2,0.4,1.0,0.6,0.2,931871119,,647,0,3,,,0.0008161015779106657
225,PATCH,1000,2,0.4,1.0,0.6,0.2,931871119,,632,0,3,,,0.0007923341107287258
226,PATCH,1000,2,0.4,1.0,0.6,0.2,931871119,,154,0,11,,,0.0025497957734152673
227,PATCH,1000,2,0.4,1.0,0.6,0.2,931871119,,85,0,9,,,0.0020690283605203897
228,PATCH,1000,2,0.4,1.0,0.6,0.2,931871119,,144,0,5,,,0.0012552866691492711
229,PATCH,1000,2,0.4,1.0,0.6,0.2,931871119,,17,0,6,,,0.0014178206297102913
230,PATCH,1000,2,0.4,1.0,0.6,0.2,931871119,,209,0,4,,,0.0009798683847778618
231,PATCH,1000,2,0.4,1.0,0.6,0.2,931871119,,285,0,5,,,0.0012107587882790496
232,PATCH,1000,2,0.4,1.0,0.6,0.2,931871119,,622,0,3,,,0.0008142131322488722
233,PATCH,1000,2,0.4,1.0,0.6,0.2,931871119,,637,0,2,,,0.0005760824687558343
234,PATCH,1000,2,0.4,1.0,0.6,0.2,931871119,,755,0,4,,,0.0010595139177987409
235,PATCH,1000,2,0.4,1.0,0.6,0.2,931871119,,497,0,2,,,0.0005484029017293531
236,PATCH,1000,2,0.4,1.0,0.6,0.2,931871119,,492,0,3,,,0.0007658099063236292
237,PATCH,1000,2,0.4,1.0,0.6,0.2,931871119,,642,0,2,,,0.0005792841971515176
238,PATCH,1000,2,0.4,1.0,0.6,0.2,931871119,,828,0,3,,,0.0008545847657347895
239,PATCH,1000,2,0.4,1.0,0.6,0.2,931871119,,434,0,3,,,0.0008169086442323494
240,PATCH,1000,2,0.4,1.0,0.6,0.2,931871119,,199,0,3,,,0.0008057377507332575
241,PATCH,1000,2,0.4,1.0,0.6,0.2,931871119,,256,0,4,,,0.0010373857753854664
242,PATCH,1000,2,0.4,1.0,0.6,0.2,931871119,,968,0,2,,,0.0005450154896934897
243,PATCH,1000,2,0.4,1.0,0.6,0.2,931871119,,919,0,2,,,0.0005791631907178532
244,PATCH,1000,2,0.4,1.0,0.6,0.2,931871119,,43,0,10,,,0.0022003870055358993
245,PATCH,1000,2,0.4,1.0,0.6,0.2,931871119,,620,0,2,,,0.0005843429556737939
246,PATCH,1000,2,0.4,1.0,0.6,0.2,931871119,,924,0,2,,,0.00055805398569675
247,PATCH,1000,2,0.4,1.0,0.6,0.2,931871119,,103,0,10,,,0.002275733937304026
248,PATCH,1000,2,0.4,1.0,0.6,0.2,931871119,,477,0,2,,,0.0005955372038856276
249,PATCH,1000,2,0.4,1.0,0.6,0.2,931871119,,248,0,2,,,0.0005445959674562875
250,PATCH,1000,2,0.4,1.0,0.6,0.2,931871119,,25,0,9,,,0.0020601239036095943
251,PATCH,1000,2,0.4,1.0,0.6,0.2,931871119,,404,0,3,,,0.0007698030466922417
252,PATCH,1000,2,0.4,1.0,0.6,0.2,931871119,,391,0,3,,,0.0007965769130376481
253,PATCH,1000,2,0.4,1.0,0.6,0.2,931871119,,73,0,4,,,0.0009976682680803493
254,PATCH,1000,2,0.4,1.0,0.6,0.2,931871119,,356,0,3,,,0.0007656933003808562
255,PATCH,1000,2,0.4,1.0,0.6,0.2,931871119,,941,0,2,,,0.0005591002950544034
256,PATCH,1000,2,0.4,1.0,0.6,0.2,931871119,,808,0,2,,,0.0005503827627561495
257,PATCH,1000,2,0.4,1.0,0.6,0.2,931871119,,299,0,5,,,0.0012778401739589047
258,PATCH,1000,2,0.4,1.0,0.6,0.2,931871119,,15,0,32,,,0.0070054548709992314
259,PATCH,1000,2,0.4,1.0,0.6,0.2,931871119,,131,0,3,,,0.0008047387895035878
260,PATCH,1000,2,0.4,1.0,0.6,0.2,931871119,,656,0,3,,,0.0007906196043782967
261,PATCH,1000,2,0.4,1.0,0.6,0.2,931871119,,928,0,2,,,0.000573547018178164
262,PATCH,1000,2,0.4,1.0,0.6,0.2,931871119,,802,0,4,,,0.001076692369243585
263,PATCH,1000,2,0.4,1.0,0.6,0.2,931871119,,929,0,2,,,0.000584129523794471
264,PATCH,1000,2,0.4,1.0,0.6,0.2,931871119,,230,0,5,,,0.0012866127523657317
265,PATCH,1000,2,0.4,1.0,0.6,0.2,931871119,,249,0,3,,,0.0007528927891906394
266,PATCH,1000,2,0.4,1.0,0.6,0.2,931871119,,718,0,2,,,0.0005561881264456336
267,PATCH,1000,2,0.4,1.0,0.6,0.2,931871119,,242,0,2,,,0.0005682389281288885
268,PATCH,1000,2,0.4,1.0,0.6,0.2,931871119,,400,0,3,,,0.000802772602742931
269,PATCH,1000,2,0.4,1.0,0.6,0.2,931871119,,48,0,13,,,0.002985567052236762
270,PATCH,1000,2,0.4,1.0,0.6,0.2,931871119,,262,0,13,,,0.0030337754096866057
271,PATCH,1000,2,0.4,1.0,0.6,0.2,931871119,,354,0,4,,,0.001016581154326385
272,PATCH,1000,2,0.4,1.0,0.6,0.2,931871119,,389,0,5,,,0.0012566732068004063
273,PATCH,1000,2,0.4,1.0,0.6,0.2,931871119,,252,0,4,,,0.0009987047191463336
274,PATCH,1000,2,0.4,1.0,0.6,0.2,931871119,,792,0,2,,,0.0005669509501792017
275,PATCH,1000,2,0.4,1.0,0.6,0.2,931871119,,38,0,12,,,0.0027467666190234604
276,PATCH,1000,2,0.4,1.0,0.6,0.2,931871119,,864,0,2,,,0.0005669754783139395
277,PATCH,1000,2,0.4,1.0,0.6,0.2,931871119,,255,0,3,,,0.0007604237526180324
278,PATCH,1000,2,0.4,1.0,0.6,0.2,931871119,,361,0,4,,,0.0009997330436107594
279,PATCH,1000,2,0.4,1.0,0.6,0.2,931871119,,450,0,2,,,0.0005416499506876841
280,PATCH,1000,2,0.4,1.0,0.6,0.2,931871119,,72,0,3,,,0.000758263932174341
281,PATCH,1000,2,0.4,1.0,0.6,0.2,931871119,,520,0,2,,,0.0006010773104222901
282,PATCH,1000,2,0.4,1.0,0.6,0.2,931871119,,479,0,4,,,0.0010287661328213943
283,PATCH,1000,2,0.4,1.0,0.6,0.2,931871119,,443,0,2,,,0.0005552774288354699
284,PATCH,1000,2,0.4,1.0,0.6,0.2,931871119,,447,0,3,,,0.0008335269459281156
285,PATCH,1000,2,0.4,1.0,0.6,0.2,931871119,,508,0,4,,,0.001026724738789831
286,PATCH,1000,2,0.4,1.0,0.6,0.2,931871119,,415,0,3,,,0.000803881186714299
287,PATCH,1000,2,0.4,1.0,0.6,0.2,931871119,,117,0,13,,,0.003047123383723935
288,PATCH,1000,2,0.4,1.0,0.6,0.2,931871119,,613,0,3,,,0.0008154417505536986
289,PATCH,1000,2,0.4,1.0,0.6,0.2,931871119,,915,0,2,,,0.000583919418810947
290,PATCH,1000,2,0.4,1.0,0.6,0.2,931871119,,959,0,2,,,0.0005708244899560851
291,PATCH,1000,2,0.4,1.0,0.6,0.2,931871119,,501,0,4,,,0.0010284352966098088
292,PATCH,1000,2,0.4,1.0,0.6,0.2,931871119,,423,0,2,,,0.0005333366018855958
293,PATCH,1000,2,0.4,1.0,0.6,0.2,931871119,,911,0,2,,,0.0005668127691759924
294,PATCH,1000,2,0.4,1.0,0.6,0.2,931871119,,735,0,2,,,0.0005276314748916187
295,PATCH,1000,2,0.4,1.0,0.6,0.2,931871119,,693,0,4,,,0.0011166911217822904
296,PATCH,1000,2,0.4,1.0,0.6,0.2,931871119,,75,0,10,,,0.0022929525330790514
297,PATCH,1000,2,0.4,1.0,0.6,0.2,931871119,,638,0,3,,,0.000840453701432865
298,PATCH,1000,2,0.4,1.0,0.6,0.2,931871119,,52,0,10,,,0.002252571366196376
299,PATCH,1000,2,0.4,1.0,0.6,0.2,931871119,,370,0,2,,,0.0005287117109935082
300,PATCH,1000,2,0.4,1.0,0.6,0.2,931871119,,913,0,2,,,0.0005404790639231438
301,PATCH,1000,2,0.4,1.0,0.6,0.2,931871119,,843,0,2,,,0.0005606355324347158
302,PATCH,1000,2,0.4,1.0,0.6,0.2,931871119,,453,0,2,,,0.0005743463449545814
303,PATCH,1000,2,0.4,1.0,0.6,0.2,931871119,,506,0,2,,,0.0005473546489479105
304,PATCH,1000,2,0.4,1.0,0.6,0.2,931871119,,947,0,2,,,0.0005490275174987675
305,PATCH,1000,2,0.4,1.0,0.6,0.2,931871119,,68,0,7,,,0.0016352035543936467
306,PATCH,1000,2,0.4,1.0,0.6,0.2,931871119,,886,0,2,,,0.0006085913076824153
307,PATCH,1000,2,0.4,1.0,0.6,0.2,931871119,,33,0,28,,,0.006162007570205569
308,PATCH,1000,2,0.4,1.0,0.6,0.2,931871119,,107,0,14,,,0.0032811636771991493
309,PATCH,1000,2,0.4,1.0,0.6,0.2,931871119,,531,0,3,,,0.0007754080568973281
310,PATCH,1000,2,0.4,1.0,0.6,0.2,931871119,,330,0,2,,,0.0005513552799551101
311,PATCH,1000,2,0.4,1.0,0.6,0.2,931871119,,2,0,76,,,0.016089726223524482
312,PATCH,1000,2,0.4,1.0,0.6,0.2,931871119,,813,0,2,,,0.0005864425732534178
313,PATCH,1000,2,0.4,1.0,0.6,0.2,931871119,,281,0,3,,,0.0008112265590221061
314,PATCH,1000,2,0.4,1.0,0.6,0.2,931871119,,976,0,3,,,0.0008384583030675483
315,PATCH,1000,2,0.4,1.0,0.6,0.2,931871119,,672,0,3,,,0.0008087076288283195
316,PATCH,1000,2,0.4,1.0,0.6,0.2,931871119,,333,0,5,,,0.0011963865842665722
317,PATCH,1000,2,0.4,1.0,0.6,0.2,931871119,,482,0,2,,,0.0005765104145558382
318,PATCH,1000,2,0.4,1.0,0.6,0.2,931871119,,639,0,3,,,0.0008306204986347689
319,PATCH,1000,2,0.4,1.0,0.6,0.2,931871119,,268,0,3,,,0.0007386105536233783
320,PATCH,1000,2,0.4,1.0,0.6,0.2,931871119,,840,0,2,,,0.0005792742199216955
321,PATCH,1000,2,0.4,1.0,0.6,0.2,931871119,,20,0,11,,,0.002509663123194375
322,PATCH,1000,2,0.4,1.0,0.6,0.2,931871119,,269,0,2,,,0.0005493304821791451
323,PATCH,1000,2,0.4,1.0,0.6,0.2,931871119,,785,0,2,,,0.0005629181416468215
324,PATCH,1000,2,0.4,1.0,0.6,0.2,931871119,,214,0,2,,,0.0005290780767789401
325,PATCH,1000,2,0.4,1.0,0.6,0.2,931871119,,341,0,3,,,0.0007887224709576279
326,PATCH,1000,2,0.4,1.0,0.6,0.2,931871119,,722,0,2,,,0.000535018564972913
327,PATCH,1000,2,0.4,1.0,0.6,0.2,931871119,,288,0,5,,,0.0012617910260220373
328,PATCH,1000,2,0.4,1.0,0.6,0.2,931871119,,203,0,2,,,0.00055805003945385
329,PATCH,1000,2,0.4,1.0,0.6,0.2,931871119,,741,0,3,,,0.0008282447394877597
330,PATCH,1000,2,0.4,1.0,0.6,0.2,931871119,,213,0,4,,,0.0009914439375315392
331,PATCH,1000,2,0.4,1.0,0.6,0.2,931871119,,507,0,2,,,0.000546467134276179
332,PATCH,1000,2,0.4,1.0,0.6,0.2,931871119,,159,0,5,,,0.0011879909049090566
333,PATCH,1000,2,0.4,1.0,0.6,0.2,931871119,,850,0,3,,,0.0008527923056631503
334,PATCH,1000,2,0.4,1.0,0.6,0.2,931871119,,440,0,3,,,0.0007748028465192008
335,PATCH,1000,2,0.4,1.0,0.6,0.2,931871119,,634,0,2,,,0.0005468811554950312
336,PATCH,1000,2,0.4,1.0,0.6,0.2,931871119,,99,0,5,,,0.0012749122956123042
337,PATCH,1000,2,0.4,1.0,0.6,0.2,931871119,,47,0,18,,,0.004136510601661138
338,PATCH,1000,2,0.4,1.0,0.6,0.2,931871119,,371,0,4,,,0.0010213257524975168
339,PATCH,1000,2,0.4,1.0,0.6,0.2,931871119,,875,0,2,,,0.0005534511251230888
340,PATCH,1000,2,0.4,1.0,0.6,0.2,931871119,,684,0,3,,,0.0008041584947032476
341,PATCH,1000,2,0.4,1.0,0.6,0.2,931871119,,998,0,2,,,0.0005804706167168404
342,PATCH,1000,2,0.4,1.0,0.6,0.2,931871119,,876,0,2,,,0.000581943152363779
343,PATCH,1000,2,0.4,1.0,0.6,0.2,931871119,,253,0,5,,,0.0012420556402485345
344,PATCH,1000,2,0.4,1.0,0.6,0.2,931871119,,26,0,21,,,0.0047647956893134905
345,PATCH,1000,2,0.4,1.0,0.6,0.2,931871119,,820,0,2,,,0.0005642036845685446
346,PATCH,1000,2,0.4,1.0,0.6,0.2,931871119,,130,0,2,,,0.0005469032217395193
347,PATCH,1000,2,0.4,1.0,0.6,0.2,931871119,,779,0,3,,,0.0008207477053397065
348,PATCH,1000,2,0.4,1.0,0.6,0.2,931871119,,819,0,2,,,0.0005923795406139845
349,PATCH,1000,2,0.4,1.0,0.6,0.2,931871119,,837,0,3,,,0.0008552453230465654
350,PATCH,1000,2,0.4,1.0,0.6,0.2,931871119,,196,0,4,,,0.0010053609607991376
351,PATCH,1000,2,0.4,1.0,0.6,0.2,931871119,,619,0,2,,,0.0005281631596987576
352,PATCH,1000,2,0.4,1.0,0.6,0.2,931871119,,335,0,4,,,0.0010427313968129706
353,PATCH,1000,2,0.4,1.0,0.6,0.2,931871119,,142,0,2,,,0.000534126061375246
354,PATCH,1000,2,0.4,1.0,0.6,0.2,931871119,,320,0,2,,,0.0005404790639231438
355,PATCH,1000,2,0.4,1.0,0.6,0.2,931871119,,337,0,2,,,0.0005344697985643645
356,PATCH,1000,2,0.4,1.0,0.6,0.2,931871119,,469,0,2,,,0.0005766633057477207
357,PATCH,1000,2,0.4,1.0,0.6,0.2,931871119,,714,0,3,,,0.0007887229989579382
358,PATCH,1000,2,0.4,1.0,0.6,0.2,931871119,,174,0,2,,,0.0005407936800275254
359,PATCH,1000,2,0.4,1.0,0.6,0.2,931871119,,392,0,3,,,0.0008349775685826313
360,PATCH,1000,2,0.4,1.0,0.6,0.2,931871119,,645,0,2,,,0.0005552500394115837
361,PATCH,1000,2,0.4,1.0,0.6,0.2,931871119,,414,0,3,,,0.0007816192541861606
362,PATCH,1000,2,0.4,1.0,0.6,0.2,931871119,,122,0,2,,,0.0005327519165559914
363,PATCH,1000,2,0.4,1.0,0.6,0.2,931871119,,61,0,5,,,0.0012164830007368537
364,PATCH,1000,2,0.4,1.0,0.6,0.2,931871119,,568,0,2,,,0.0005422559225084548
365,PATCH,1000,2,0.4,1.0,0.6,0.2,931871119,,495,0,5,,,0.0013081300501044048
366,PATCH,1000,2,0.4,1.0,0.6,0.2,931871119,,164,0,10,,,0.002373399767288483
367,PATCH,1000,2,0.4,1.0,0.6,0.2,931871119,,781,0,2,,,0.0005483170213053285
368,PATCH,1000,2,0.4,1.0,0.6,0.2,931871119,,679,0,4,,,0.0010355640268769784
369,PATCH,1000,2,0.4,1.0,0.6,0.2,931871119,,695,0,2,,,0.0005476120303738838
370,PATCH,1000,2,0.4,1.0,0.6,0.2,931871119,,463,0,2,,,0.0005630752280826682
371,PATCH,1000,2,0.4,1.0,0.6,0.2,931871119,,115,0,5,,,0.0012054337451698704
372,PATCH,1000,2,0.4,1.0,0.6,0.2,931871119,,359,0,3,,,0.0007707815388368151
373,PATCH,1000,2,0.4,1.0,0.6,0.2,931871119,,991,0,2,,,0.0005336774669368553
374,PATCH,1000,2,0.4,1.0,0.6,0.2,931871119,,856,0,2,,,0.0005721308904139015
375,PATCH,1000,2,0.4,1.0,0.6,0.2,931871119,,425,0,2,,,0.0005405453828428779
376,PATCH,1000,2,0.4,1.0,0.6,0.2,931871119,,587,0,2,,,0.0005310911846448118
377,PATCH,1000,2,0.4,1.0,0.6,0.2,931871119,,550,0,2,,,0.000541206922159467
378,PATCH,1000,2,0.4,1.0,0.6,0.2,931871119,,343,0,5,,,0.0012478780014145985
379,PATCH,1000,2,0.4,1.0,0.6,0.2,931871119,,432,0,3,,,0.000773082889218869
380,PATCH,1000,2,0.4,1.0,0.6,0.2,931871119,,216,0,10,,,0.0023616128121501257
381,PATCH,1000,2,0.4,1.0,0.6,0.2,931871119,,592,0,2,,,0.0005889760107851706
382,PATCH,1000,2,0.4,1.0,0.6,0.2,931871119,,374,0,2,,,0.0005555340915005902
383,PATCH,1000,2,0.4,1.0,0.6,0.2,931871119,,943,0,2,,,0.0005618060085584705
384,PATCH,1000,2,0.4,1.0,0.6,0.2,931871119,,109,0,4,,,0.0010049940243022106
385,PATCH,1000,2,0.4,1.0,0.6,0.2,931871119,,845,0,2,,,0.0005957852779501714
386,PATCH,1000,2,0.4,1.0,0.6,0.2,931871119,,753,0,2,,,0.0005344446294423496
387,PATCH,1000,2,0.4,1.0,0.6,0.2,931871119,,462,0,7,,,0.0017124600082027092
388,PATCH,1000,2,0.4,1.0,0.6,0.2,931871119,,4,0,46,,,0.009872093765946685
389,PATCH,1000,2,0.4,1.0,0.6,0.2,931871119,,599,0,2,,,0.0005272970942029904
390,PATCH,1000,2,0.4,1.0,0.6,0.2,931871119,,788,0,2,,,0.0005480676708423695
391,PATCH,1000,2,0.4,1.0,0.6,0.2,931871119,,11,0,19,,,0.0041901895869841796
392,PATCH,1000,2,0.4,1.0,0.6,0.2,931871119,,430,0,3,,,0.0008112978787402465
393,PATCH,1000,2,0.4,1.0,0.6,0.2,931871119,,18,0,11,,,0.0025890275194402606
394,PATCH,1000,2,0.4,1.0,0.6,0.2,931871119,,51,0,8,,,0.001822474856313545
395,PATCH,1000,2,0.4,1.0,0.6,0.2,931871119,,975,0,2,,,0.000567688101894489
396,PATCH,1000,2,0.4,1.0,0.6,0.2,931871119,,221,0,6,,,0.0014631565484103134
397,PATCH,1000,2,0.4,1.0,0.6,0.2,931871119,,898,0,2,,,0.0005685925771634318
398,PATCH,1000,2,0.4,1.0,0.6,0.2,931871119,,314,0,3,,,0.0007901015963616442
399,PATCH,1000,2,0.4,1.0,0.6,0.2,931871119,,357,0,2,,,0.0005510946316494871
400,PATCH,1000,2,0.4,1.0,0.6,0.2,931871119,,704,0,2,,,0.0005527481692265343
401,PATCH,1000,2,0.4,1.0,0.6,0.2,931871119,,571,0,2,,,0.0005322640643354847
402,PATCH,1000,2,0.4,1.0,0.6,0.2,931871119,,410,0,2,,,0.0005388595455252154
403,PATCH,1000,2,0.4,1.0,0.6,0.2,931871119,,397,0,2,,,0.000517004307989775
404,PATCH,1000,2,0.4,1.0,0.6,0.2,931871119,,179,0,4,,,0.0009767185006910922
405,PATCH,1000,2,0.4,1.0,0.6,0.2,931871119,,628,0,5,,,0.0012617510051924797
406,PATCH,1000,2,0.4,1.0,0.6,0.2,931871119,,651,0,2,,,0.0005583376320455648
407,PATCH,1000,2,0.4,1.0,0.6,0.2,931871119,,621,0,2,,,0.0005765719005738989
408,PATCH,1000,2,0.4,1.0,0.6,0.2,931871119,,402,0,5,,,0.001268656335122296
409,PATCH,1000,2,0.4,1.0,0.6,0.2,931871119,,28,0,5,,,0.0012214772350678418
410,PATCH,1000,2,0.4,1.0,0.6,0.2,931871119,,308,0,4,,,0.00107488079542354
411,PATCH,1000,2,0.4,1.0,0.6,0.2,931871119,,424,0,2,,,0.0006104244352188007
412,PATCH,1000,2,0.4,1.0,0.6,0.2,931871119,,713,0,3,,,0.0007834831876152984
413,PATCH,1000,2,0.4,1.0,0.6,0.2,931871119,,49,0,15,,,0.0033338100413588226
414,PATCH,1000,2,0.4,1.0,0.6,0.2,931871119,,708,0,2,,,0.0005374548467476757
415,PATCH,1000,2,0.4,1.0,0.6,0.2,931871119,,162,0,6,,,0.0014461819295234295
416,PATCH,1000,2,0.4,1.0,0.6,0.2,931871119,,421,0,2,,,0.0005907489517378011
417,PATCH,1000,2,0.4,1.0,0.6,0.2,931871119,,772,0,3,,,0.0008341953836471645
418,PATCH,1000,2,0.4,1.0,0.6,0.2,931871119,,841,0,2,,,0.0005368621655250006
419,PATCH,1000,2,0.4,1.0,0.6,0.2,931871119,,79,0,4,,,0.0009882310657363255
420,PATCH,1000,2,0.4,1.0,0.6,0.2,931871119,,683,0,2,,,0.0005361994424172862
421,PATCH,1000,2,0.4,1.0,0.6,0.2,931871119,,552,0,2,,,0.0005434631628460524
422,PATCH,1000,2,0.4,1.0,0.6,0.2,931871119,,322,0,4,,,0.0010517775603153868
423,PATCH,1000,2,0.4,1.0,0.6,0.2,931871119,,217,0,4,,,0.001012233367791218
424,PATCH,1000,2,0.4,1.0,0.6,0.2,931871119,,235,0,5,,,0.001236226974874101
425,PATCH,1000,2,0.4,1.0,0.6,0.2,931871119,,225,0,2,,,0.0005507572499034511
426,PATCH,1000,2,0.4,1.0,0.6,0.2,931871119,,261,0,3,,,0.0007807552226602575
427,PATCH,1000,2,0.4,1.0,0.6,0.2,931871119,,297,0,4,,,0.001021007604537519
428,PATCH,1000,2,0.4,1.0,0.6,0.2,931871119,,372,0,3,,,0.0007633340673570374
429,PATCH,1000,2,0.4,1.0,0.6,0.2,931871119,,894,0,2,,,0.0005439837550439943
430,PATCH,1000,2,0.4,1.0,0.6,0.2,931871119,,866,0,2,,,0.0005784523622014457
431,PATCH,1000,2,0.4,1.0,0.6,0.2,931871119,,889,0,2,,,0.0005127788217018504
432,PATCH,1000,2,0.4,1.0,0.6,0.2,931871119,,652,0,2,,,0.0006038200085157036
433,PATCH,1000,2,0.4,1.0,0.6,0.2,931871119,,289,0,2,,,0.0005531740628856516
434,PATCH,1000,2,0.4,1.0,0.6,0.2,931871119,,409,0,2,,,0.0005740392291001368
435,PATCH,1000,2,0.4,1.0,0.6,0.2,931871119,,250,0,6,,,0.0015156959853809373
436,PATCH,1000,2,0.4,1.0,0.6,0.2,931871119,,682,0,2,,,0.0005568368204293733
437,PATCH,1000,2,0.4,1.0,0.6,0.2,931871119,,777,0,2,,,0.0005473136271727305
438,PATCH,1000,2,0.4,1.0,0.6,0.2,931871119,,945,0,2,,,0.0006097953553231247
439,PATCH,1000,2,0.4,1.0,0.6,0.2,931871119,,136,0,3,,,0.0007736427460386354
440,PATCH,1000,2,0.4,1.0,0.6,0.2,931871119,,201,0,5,,,0.0012175467253764353
441,PATCH,1000,2,0.4,1.0,0.6,0.2,931871119,,124,0,5,,,0.0011507907321954209
442,PATCH,1000,2,0.4,1.0,0.6,0.2,931871119,,816,0,2,,,0.0005555583677425921
443,PATCH,1000,2,0.4,1.0,0.6,0.2,931871119,,759,0,2,,,0.0005472121106872671
444,PATCH,1000,2,0.4,1.0,0.6,0.2,931871119,,439,0,5,,,0.0012700676175422623
445,PATCH,1000,2,0.4,1.0,0.6,0.2,931871119,,118,0,8,,,0.001978289642327624
446,PATCH,1000,2,0.4,1.0,0.6,0.2,931871119,,814,0,3,,,0.0008207338203693661
447,PATCH,1000,2,0.4,1.0,0.6,0.2,931871119,,842,0,2,,,0.0005337902939878797
448,PATCH,1000,2,0.4,1.0,0.6,0.2,931871119,,614,0,2,,,0.0005615709777363051
449,PATCH,1000,2,0.4,1.0,0.6,0.2,931871119,,76,0,5,,,0.0011791181440387486
450,PATCH,1000,2,0.4,1.0,0.6,0.2,931871119,,728,0,2,,,0.0005763970048492496
451,PATCH,1000,2,0.4,1.0,0.6,0.2,931871119,,853,0,3,,,0.0008167199128647904
452,PATCH,1000,2,0.4,1.0,0.6,0.2,931871119,,189,0,2,,,0.000527311971394883
453,PATCH,1000,2,0.4,1.0,0.6,0.2,931871119,,763,0,2,,,0.0005366031708289556
454,PATCH,1000,2,0.4,1.0,0.6,0.2,931871119,,823,0,2,,,0.0005845883320606373
455,PATCH,1000,2,0.4,1.0,0.6,0.2,931871119,,90,0,4,,,0.0009786960099759981
456,PATCH,1000,2,0.4,1.0,0.6,0.2,931871119,,905,0,2,,,0.0005446900521484075
457,PATCH,1000,2,0.4,1.0,0.6,0.2,931871119,,419,0,6,,,0.0014712302171422205
458,PATCH,1000,2,0.4,1.0,0.6,0.2,931871119,,981,0,2,,,0.0005854453778370507
459,PATCH,1000,2,0.4,1.0,0.6,0.2,931871119,,55,0,9,,,0.0021806873479067335
460,PATCH,1000,2,0.4,1.0,0.6,0.2,931871119,,202,0,6,,,0.0014745254465354657
461,PATCH,1000,2,0.4,1.0,0.6,0.2,931871119,,88,0,9,,,0.0020025604369480147
462,PATCH,1000,2,0.4,1.0,0.6,0.2,931871119,,754,0,7,,,0.0017493600274837119
463,PATCH,1000,2,0.4,1.0,0.6,0.2,931871119,,537,0,3,,,0.0007634998640426041
464,PATCH,1000,2,0.4,1.0,0.6,0.2,931871119,,519,0,3,,,0.0007965149333947041
465,PATCH,1000,2,0.4,1.0,0.6,0.2,931871119,,547,0,4,,,0.0010552577356786172
466,PATCH,1000,2,0.4,1.0,0.6,0.2,931871119,,69,0,4,,,0.000986871492788524
467,PATCH,1000,2,0.4,1.0,0.6,0.2,931871119,,678,0,3,,,0.0007880307368891832
468,PATCH,1000,2,0.4,1.0,0.6,0.2,931871119,,304,0,2,,,0.0005395200849640246
469,PATCH,1000,2,0.4,1.0,0.6,0.2,931871119,,863,0,3,,,0.0008185395656480681
470,PATCH,1000,2,0.4,1.0,0.6,0.2,931871119,,344,0,2,,,0.000559853991626256
471,PATCH,1000,2,0.4,1.0,0.6,0.2,931871119,,706,0,3,,,0.0007869439769065956
472,PATCH,1000,2,0.4,1.0,0.6,0.2,931871119,,617,0,2,,,0.000571603747761785
473,PATCH,1000,2,0.4,1.0,0.6,0.2,931871119,,498,0,3,,,0.0008364572956240614
474,PATCH,1000,2,0.4,1.0,0.6,0.2,931871119,,553,0,2,,,0.000572095448293252
475,PATCH,1000,2,0.4,1.0,0.6,0.2,931871119,,873,0,2,,,0.000547213515546224
476,PATCH,1000,2,0.4,1.0,0.6,0.2,931871119,,727,0,2,,,0.0005370430758690547
477,PATCH,1000,2,0.4,1.0,0.6,0.2,931871119,,848,0,2,,,0.0005928423815177371
478,PATCH,1000,2,0.4,1.0,0.6,0.2,931871119,,287,0,2,,,0.0005193767787108895
479,PATCH,1000,2,0.4,1.0,0.6,0.2,931871119,,937,0,2,,,0.0005434828757855823
480,PATCH,1000,2,0.4,1.0,0.6,0.2,931871119,,590,0,5,,,0.0012648040692007927
481,PATCH,1000,2,0.4,1.0,0.6,0.2,931871119,,880,0,2,,,0.0005950115640335999
482,PATCH,1000,2,0.4,1.0,0.6,0.2,931871119,,24,0,22,,,0.004767901977127929
483,PATCH,1000,2,0.4,1.0,0.6,0.2,931871119,,997,0,2,,,0.0005548217159326443
484,PATCH,1000,2,0.4,1.0,0.6,0.2,931871119,,591,0,3,,,0.0007480670219194499
485,PATCH,1000,2,0.4,1.0,0.6,0.2,931871119,,952,0,2,,,0.0005369854583968155
486,PATCH,1000,2,0.4,1.0,0.6,0.2,931871119,,730,0,2,,,0.000607706080635625
487,PATCH,1000,2,0.4,1.0,0.6,0.2,931871119,,413,0,7,,,0.0016368486271201236
488,PATCH,1000,2,0.4,1.0,0.6,0.2,931871119,,970,0,2,,,0.0005431708815423383
489,PATCH,1000,2,0.4,1.0,0.6,0.2,931871119,,445,0,3,,,0.0007926794517162803
490,PATCH,1000,2,0.4,1.0,0.6,0.2,931871119,,472,0,5,,,0.0011892388553425125
491,PATCH,1000,2,0.4,1.0,0.6,0.2,931871119,,580,0,2,,,0.0005373894642452146
492,PATCH,1000,2,0.4,1.0,0.6,0.2,931871119,,135,0,2,,,0.0005421044158801671
493,PATCH,1000,2,0.4,1.0,0.6,0.2,931871119,,480,0,2,,,0.0005890325924946117
494,PATCH,1000,2,0.4,1.0,0.6,0.2,931871119,,691,0,2,,,0.0005312440764500991
495,PATCH,1000,2,0.4,1.0,0.6,0.2,931871119,,771,0,2,,,0.0005902043566718943
496,PATCH,1000,2,0.4,1.0,0.6,0.2,931871119,,60,0,11,,,0.0025668597745722318
497,PATCH,1000,2,0.4,1.0,0.6,0.2,931871119,,500,0,2,,,0.0005762361546977738
498,PATCH,1000,2,0.4,1.0,0.6,0.2,931871119,,116,0,15,,,0.003411185949800726
499,PATCH,1000,2,0.4,1.0,0.6,0.2,931871119,,963,0,2,,,0.0006123708351298021
500,PATCH,1000,2,0.4,1.0,0.6,0.2,931871119,,171,0,3,,,0.0007842771505161039
501,PATCH,1000,2,0.4,1.0,0.6,0.2,931871119,,624,0,2,,,0.0005265299903213451
502,PATCH,1000,2,0.4,1.0,0.6,0.2,931871119,,346,0,2,,,0.0005280495771913474
503,PATCH,1000,2,0.4,1.0,0.6,0.2,931871119,,353,0,3,,,0.0007938505668639704
504,PATCH,1000,2,0.4,1.0,0.6,0.2,931871119,,32,0,11,,,0.002566874657439711
505,PATCH,1000,2,0.4,1.0,0.6,0.2,931871119,,264,0,2,,,0.0005717737587797991
506,PATCH,1000,2,0.4,1.0,0.6,0.2,931871119,,655,0,2,,,0.0005528491715657891
507,PATCH,1000,2,0.4,1.0,0.6,0.2,931871119,,979,0,2,,,0.0005864878879817807
508,PATCH,1000,2,0.4,1.0,0.6,0.2,931871119,,698,0,2,,,0.0005523599375566729
509,PATCH,1000,2,0.4,1.0,0.6,0.2,931871119,,380,0,3,,,0.000795007438109987
510,PATCH,1000,2,0.4,1.0,0.6,0.2,931871119,,395,0,3,,,0.0008379614956842222
511,PATCH,1000,2,0.4,1.0,0.6,0.2,931871119,,147,0,8,,,0.0018413240340062137
512,PATCH,1000,2,0.4,1.0,0.6,0.2,931871119,,111,0,6,,,0.001422711117129838
513,PATCH,1000,2,0.4,1.0,0.6,0.2,931871119,,748,0,4,,,0.001060525644966322
514,PATCH,1000,2,0.4,1.0,0.6,0.2,931871119,,893,0,3,,,0.000877482051477653
515,PATCH,1000,2,0.4,1.0,0.6,0.2,931871119,,670,0,3,,,0.000815888148788755
516,PATCH,1000,2,0.4,1.0,0.6,0.2,931871119,,926,0,3,,,0.0008003155476460442
517,PATCH,1000,2,0.4,1.0,0.6,0.2,931871119,,810,0,3,,,0.0008079358425365794
518,PATCH,1000,2,0.4,1.0,0.6,0.2,931871119,,362,0,3,,,0.000766229121537338
519,PATCH,1000,2,0.4,1.0,0.6,0.2,931871119,,612,0,5,,,0.001245859550841646
520,PATCH,1000,2,0.4,1.0,0.6,0.2,931871119,,832,0,2,,,0.0005738508939386815
521,PATCH,1000,2,0.4,1.0,0.6,0.2,931871119,,627,0,2,,,0.000537410345912999
522,PATCH,1000,2,0.4,1.0,0.6,0.2,931871119,,151,0,6,,,0.0014122577829704017
523,PATCH,1000,2,0.4,1.0,0.6,0.2,931871119,,644,0,2,,,0.0005339234636962998
524,PATCH,1000,2,0.4,1.0,0.6,0.2,931871119,,783,0,2,,,0.0005774960627606859
525,PATCH,1000,2,0.4,1.0,0.6,0.2,931871119,,200,0,11,,,0.00266234899485424
526,PATCH,1000,2,0.4,1.0,0.6,0.2,931871119,,486,0,2,,,0.0006021460277548714
527,PATCH,1000,2,0.4,1.0,0.6,0.2,931871119,,382,0,2,,,0.0005711054860068766
528,PATCH,1000,2,0.4,1.0,0.6,0.2,931871119,,610,0,2,,,0.0005616807836424082
529,PATCH,1000,2,0.4,1.0,0.6,0.2,931871119,,113,0,2,,,0.0005595594561753847
530,PATCH,1000,2,0.4,1.0,0.6,0.2,931871119,,751,0,3,,,0.0008374719251627816
531,PATCH,1000,2,0.4,1.0,0.6,0.2,931871119,,661,0,3,,,0.0007796556979586709
532,PATCH,1000,2,0.4,1.0,0.6,0.2,931871119,,662,0,2,,,0.0005843236119606562
533,PATCH,1000,2,0.4,1.0,0.6,0.2,931871119,,973,0,2,,,0.0005433300853164477
534,PATCH,1000,2,0.4,1.0,0.6,0.2,931871119,,633,0,2,,,0.0005765517171431289
535,PATCH,1000,2,0.4,1.0,0.6,0.2,931871119,,355,0,3,,,0.0007703504335329614
536,PATCH,1000,2,0.4,1.0,0.6,0.2,931871119,,369,0,3,,,0.0007636578349062833
537,PATCH,1000,2,0.4,1.0,0.6,0.2,931871119,,220,0,6,,,0.0014575902239321163
538,PATCH,1000,2,0.4,1.0,0.6,0.2,931871119,,757,0,3,,,0.0007725821665326172
539,PATCH,1000,2,0.4,1.0,0.6,0.2,931871119,,861,0,3,,,0.0007760084626430288
540,PATCH,1000,2,0.4,1.0,0.6,0.2,931871119,,294,0,3,,,0.0007606758843002535
541,PATCH,1000,2,0.4,1.0,0.6,0.2,931871119,,869,0,2,,,0.0006045672516304745
542,PATCH,1000,2,0.4,1.0,0.6,0.2,931871119,,687,0,2,,,0.0005507983069495356
543,PATCH,1000,2,0.4,1.0,0.6,0.2,931871119,,986,0,2,,,0.0005324686820021422
544,PATCH,1000,2,0.4,1.0,0.6,0.2,931871119,,104,0,3,,,0.0007657141114751705
545,PATCH,1000,2,0.4,1.0,0.6,0.2,931871119,,312,0,4,,,0.0010386119815053978
546,PATCH,1000,2,0.4,1.0,0.6,0.2,931871119,,595,0,3,,,0.0008415089416622818
547,PATCH,1000,2,0.4,1.0,0.6,0.2,931871119,,348,0,3,,,0.0007520897959246617
548,PATCH,1000,2,0.4,1.0,0.6,0.2,931871119,,871,0,2,,,0.000546254626001141
549,PATCH,1000,2,0.4,1.0,0.6,0.2,931871119,,598,0,3,,,0.0007547135354705285
550,PATCH,1000,2,0.4,1.0,0.6,0.2,931871119,,158,0,6,,,0.0014694932305535226
551,PATCH,1000,2,0.4,1.0,0.6,0.2,931871119,,527,0,2,,,0.0005457364800654074
552,PATCH,1000,2,0.4,1.0,0.6,0.2,931871119,,232,0,6,,,0.0014609972607152817
553,PATCH,1000,2,0.4,1.0,0.6,0.2,931871119,,321,0,6,,,0.0015609111350752343
554,PATCH,1000,2,0.4,1.0,0.6,0.2,931871119,,376,0,5,,,0.0012367012476203676
555,PATCH,1000,2,0.4,1.0,0.6,0.2,931871119,,944,0,2,,,0.0006187243745415539
556,PATCH,1000,2,0.4,1.0,0.6,0.2,931871119,,303,0,8,,,0.0019209096419914814
557,PATCH,1000,2,0.4,1.0,0.6,0.2,931871119,,141,0,8,,,0.0019493250368046906
558,PATCH,1000,2,0.4,1.0,0.6,0.2,931871119,,917,0,2,,,0.0005234831462342063
559,PATCH,1000,2,0.4,1.0,0.6,0.2,931871119,,578,0,2,,,0.0005490100064354459
560,PATCH,1000,2,0.4,1.0,0.6,0.2,931871119,,280,0,2,,,0.000532640699995785
561,PATCH,1000,2,0.4,1.0,0.6,0.2,931871119,,39,0,8,,,0.0017840343286350147
562,PATCH,1000,2,0.4,1.0,0.6,0.2,931871119,,309,0,3,,,0.0007618631697396776
563,PATCH,1000,2,0.4,1.0,0.6,0.2,931871119,,849,0,2,,,0.0005987277450745108
564,PATCH,1000,2,0.4,1.0,0.6,0.2,931871119,,198,0,5,,,0.0012444505514795975
565,PATCH,1000,2,0.4,1.0,0.6,0.2,931871119,,166,0,2,,,0.0005171198987096434
566,PATCH,1000,2,0.4,1.0,0.6,0.2,931871119,,205,0,3,,,0.0007947449920695049
567,PATCH,1000,2,0.4,1.0,0.6,0.2,931871119,,188,0,4,,,0.0010119955289648044
568,PATCH,1000,2,0.4,1.0,0.6,0.2,931871119,,659,0,3,,,0.000827925619539108
569,PATCH,1000,2,0.4,1.0,0.6,0.2,931871119,,56,0,4,,,0.0009622235144567953
570,PATCH,1000,2,0.4,1.0,0.6,0.2,931871119,,211,0,3,,,0.0008019754899097198
571,PATCH,1000,2,0.4,1.0,0.6,0.2,931871119,,990,0,2,,,0.0005410536309803986
572,PATCH,1000,2,0.4,1.0,0.6,0.2,931871119,,187,0,3,,,0.0007680797409372712
573,PATCH,1000,2,0.4,1.0,0.6,0.2,931871119,,879,0,3,,,0.0007638453771253073
574,PATCH,1000,2,0.4,1.0,0.6,0.2,931871119,,907,0,2,,,0.0005710160573267245
575,PATCH,1000,2,0.4,1.0,0.6,0.2,931871119,,192,0,2,,,0.000543752594199952
576,PATCH,1000,2,0.4,1.0,0.6,0.2,931871119,,34,0,12,,,0.0027115320563917827
577,PATCH,1000,2,0.4,1.0,0.6,0.2,931871119,,467,0,2,,,0.0005610638144823075
578,PATCH,1000,2,0.4,1.0,0.6,0.2,931871119,,680,0,5,,,0.00127191395858311
579,PATCH,1000,2,0.4,1.0,0.6,0.2,931871119,,877,0,2,,,0.0006162644200193135
580,PATCH,1000,2,0.4,1.0,0.6,0.2,931871119,,96,0,7,,,0.001660290305634141
581,PATCH,1000,2,0.4,1.0,0.6,0.2,931871119,,846,0,2,,,0.0005508225503914259
582,PATCH,1000,2,0.4,1.0,0.6,0.2,931871119,,70,0,5,,,0.0011733144501553142
583,PATCH,1000,2,0.4,1.0,0.6,0.2,931871119,,696,0,2,,,0.0005916715661150853
584,PATCH,1000,2,0.4,1.0,0.6,0.2,931871119,,387,0,2,,,0.0005270893540498242
585,PATCH,1000,2,0.4,1.0,0.6,0.2,931871119,,653,0,3,,,0.0007423746236387936
586,PATCH,1000,2,0.4,1.0,0.6,0.2,931871119,,471,0,2,,,0.0005389771594962224
587,PATCH,1000,2,0.4,1.0,0.6,0.2,931871119,,951,0,2,,,0.0005756408953309719
588,PATCH,1000,2,0.4,1.0,0.6,0.2,931871119,,762,0,2,,,0.0005821801705826047
589,PATCH,1000,2,0.4,1.0,0.6,0.2,931871119,,0,0,74,,,0.01598045895824154
590,PATCH,1000,2,0.4,1.0,0.6,0.2,931871119,,533,0,3,,,0.0008436422720558726
591,PATCH,1000,2,0.4,1.0,0.6,0.2,931871119,,272,0,5,,,0.0012190175304180025
592,PATCH,1000,2,0.4,1.0,0.6,0.2,931871119,,327,0,2,,,0.000520231468464902
593,PATCH,1000,2,0.4,1.0,0.6,0.2,931871119,,729,0,2,,,0.0005627189070542719
594,PATCH,1000,2,0.4,1.0,0.6,0.2,931871119,,91,0,3,,,0.0007226156196281586
595,PATCH,1000,2,0.4,1.0,0.6,0.2,931871119,,540,0,2,,,0.0005351368980198143
596,PATCH,1000,2,0.4,1.0,0.6,0.2,931871119,,724,0,3,,,0.0008726205496469687
597,PATCH,1000,2,0.4,1.0,0.6,0.2,931871119,,904,0,2,,,0.0006237488915865658
598,PATCH,1000,2,0.4,1.0,0.6,0.2,931871119,,909,0,2,,,0.0005386196733625765
599,PATCH,1000,2,0.4,1.0,0.6,0.2,931871119,,825,0,2,,,0.000578150647892992
600,PATCH,1000,2,0.4,1.0,0.6,0.2,931871119,,108,1,3,,,0.0007579688261740869
601,PATCH,1000,2,0.4,1.0,0.6,0.2,931871119,,502,1,2,,,0.0005566960358265577
602,PATCH,1000,2,0.4,1.0,0.6,0.2,931871119,,483,1,2,,,0.0005516026837798753
603,PATCH,1000,2,0.4,1.0,0.6,0.2,931871119,,84,1,10,,,0.0024034047470809653
604,PATCH,1000,2,0.4,1.0,0.6,0.2,931871119,,408,1,3,,,0.0008285820405327702
605,PATCH,1000,2,0.4,1.0,0.6,0.2,931871119,,701,1,3,,,0.0008671800774141742
606,PATCH,1000,2,0.4,1.0,0.6,0.2,931871119,,623,1,2,,,0.0005680150044616563
607,PATCH,1000,2,0.4,1.0,0.6,0.2,931871119,,336,1,3,,,0.0007745216734946659
608,PATCH,1000,2,0.4,1.0,0.6,0.2,931871119,,226,1,2,,,0.0005528279214124903
609,PATCH,1000,2,0.4,1.0,0.6,0.2,931871119,,882,1,2,,,0.0005912953870509749
610,PATCH,1000,2,0.4,1.0,0.6,0.2,931871119,,66,1,4,,,0.0009705130115998625
611,PATCH,1000,2,0.4,1.0,0.6,0.2,931871119,,385,1,5,,,0.0013184137681579707
612,PATCH,1000,2,0.4,1.0,0.6,0.2,931871119,,275,1,4,,,0.0009768548194651703
613,PATCH,1000,2,0.4,1.0,0.6,0.2,931871119,,455,1,5,,,0.0012607961738527276
614,PATCH,1000,2,0.4,1.0,0.6,0.2,931871119,,589,1,2,,,0.0006063059497584024
615,PATCH,1000,2,0.4,1.0,0.6,0.2,931871119,,148,1,6,,,0.001418575881602898
616,PATCH,1000,2,0.4,1.0,0.6,0.2,931871119,,257,1,2,,,0.0005384440273602845
617,PATCH,1000,2,0.4,1.0,0.6,0.2,931871119,,31,1,9,,,0.0020823238730342227
618,PATCH,1000,2,0.4,1.0,0.6,0.2,931871119,,490,1,3,,,0.0007982673888847387
619,PATCH,1000,2,0.4,1.0,0.6,0.2,931871119,,442,1,2,,,0.0005578528819200405
620,PATCH,1000,2,0.4,1.0,0.6,0.2,931871119,,366,1,3,,,0.0008134875901411121
621,PATCH,1000,2,0.4,1.0,0.6,0.2,931871119,,283,1,2,,,0.0005502469575356214
622,PATCH,1000,2,0.4,1.0,0.6,0.2,931871119,,852,1,2,,,0.0005686688806083106
623,PATCH,1000,2,0.4,1.0,0.6,0.2,931871119,,608,1,3,,,0.0007682522404269832
624,PATCH,1000,2,0.4,1.0,0.6,0.2,931871119,,563,1,5,,,0.001221393025794946
625,PATCH,1000,2,0.4,1.0,0.6,0.2,931871119,,21,1,8,,,0.00193298370869134
626,PATCH,1000,2,0.4,1.0,0.6,0.2,931871119,,702,1,2,,,0.00057998133944262
627,PATCH,1000,2,0.4,1.0,0.6,0.2,931871119,,307,1,3,,,0.0007469629482185038
628,PATCH,1000,2,0.4,1.0,0.6,0.2,931871119,,694,1,2,,,0.0005345109347272618
629,PATCH,1000,2,0.4,1.0,0.6,0.2,931871119,,128,1,4,,,0.0009883102237122838
630,PATCH,1000,2,0.4,1.0,0.6,0.2,931871119,,993,1,2,,,0.0005781753717427424
631,PATCH,1000,2,0.4,1.0,0.6,0.2,931871119,,505,1,2,,,0.0005667870036857659
632,PATCH,1000,2,0.4,1.0,0.6,0.2,931871119,,422,1,2,,,0.0005490841557289986
633,PATCH,1000,2,0.4,1.0,0.6,0.2,931871119,,324,1,2,,,0.0005571989312000944
634,PATCH,1000,2,0.4,1.0,0.6,0.2,931871119,,271,1,7,,,0.0016889045795747512
635,PATCH,1000,2,0.4,1.0,0.6,0.2,931871119,,697,1,3,,,0.0008545908341040147
636,PATCH,1000,2,0.4,1.0,0.6,0.2,931871119,,732,1,2,,,0.0005613467424859898
637,PATCH,1000,2,0.4,1.0,0.6,0.2,931871119,,212,1,4,,,0.0010237392320318036
638,PATCH,1000,2,0.4,1.0,0.6,0.2,931871119,,412,1,2,,,0.0005606966374326766
639,PATCH,1000,2,0.4,1.0,0.6,0.2,931871119,,778,1,2,,,0.0005597168473247984
640,PATCH,1000,2,0.4,1.0,0.6,0.2,931871119,,643,1,2,,,0.0005304437858175292
641,PATCH,1000,2,0.4,1.0,0.6,0.2,931871119,,323,1,2,,,0.0005698268368151941
642,PATCH,1000,2,0.4,1.0,0.6,0.2,931871119,,526,1,2,,,0.000587388303307923
643,PATCH,1000,2,0.4,1.0,0.6,0.2,931871119,,974,1,2,,,0.0005505938860954863
644,PATCH,1000,2,0.4,1.0,0.6,0.2,931871119,,686,1,4,,,0.0010035140525814698
645,PATCH,1000,2,0.4,1.0,0.6,0.2,931871119,,71,1,6,,,0.0014346384700855393
646,PATCH,1000,2,0.4,1.0,0.6,0.2,931871119,,538,1,8,,,0.0020082747383755434
647,PATCH,1000,2,0.4,1.0,0.6,0.2,931871119,,641,1,3,,,0.0008268352945830368
648,PATCH,1000,2,0.4,1.0,0.6,0.2,931871119,,607,1,2,,,0.0005486507975440627
649,PATCH,1000,2,0.4,1.0,0.6,0.2,931871119,,37,1,22,,,0.004744751049107469
650,PATCH,1000,2,0.4,1.0,0.6,0.2,931871119,,444,1,2,,,0.0005636653028995255
651,PATCH,1000,2,0.4,1.0,0.6,0.2,931871119,,854,1,2,,,0.0005630750475812309
652,PATCH,1000,2,0.4,1.0,0.6,0.2,931871119,,375,1,2,,,0.0005295618325940973
653,PATCH,1000,2,0.4,1.0,0.6,0.2,931871119,,514,1,2,,,0.0005391948315537859
654,PATCH,1000,2,0.4,1.0,0.6,0.2,931871119,,63,1,5,,,0.0012493642209044917
655,PATCH,1000,2,0.4,1.0,0.6,0.2,931871119,,461,1,3,,,0.000828588401308623
656,PATCH,1000,2,0.4,1.0,0.6,0.2,931871119,,102,1,5,,,0.0011973636277268695
657,PATCH,1000,2,0.4,1.0,0.6,0.2,931871119,,982,1,2,,,0.000541057544163237
658,PATCH,1000,2,0.4,1.0,0.6,0.2,931871119,,838,1,3,,,0.000780254815625951
659,PATCH,1000,2,0.4,1.0,0.6,0.2,931871119,,138,1,3,,,0.0007631207624815142
660,PATCH,1000,2,0.4,1.0,0.6,0.2,931871119,,263,1,4,,,0.0010202919684167938
661,PATCH,1000,2,0.4,1.0,0.6,0.2,931871119,,700,1,2,,,0.000589562464715956
662,PATCH,1000,2,0.4,1.0,0.6,0.2,931871119,,62,1,4,,,0.00100815176601173
663,PATCH,1000,2,0.4,1.0,0.6,0.2,931871119,,942,1,2,,,0.0005791929589734222
664,PATCH,1000,2,0.4,1.0,0.6,0.2,931871119,,473,1,2,,,0.0005135102104556647
665,PATCH,1000,2,0.4,1.0,0.6,0.2,931871119,,35,1,4,,,0.001004784180620649
666,PATCH,1000,2,0.4,1.0,0.6,0.2,931871119,,664,1,3,,,0.0007869777727883484
667,PATCH,1000,2,0.4,1.0,0.6,0.2,931871119,,352,1,2,,,0.0005663624725246766
668,PATCH,1000,2,0.4,1.0,0.6,0.2,931871119,,938,1,2,,,0.0005760887769443565
669,PATCH,1000,2,0.4,1.0,0.6,0.2,931871119,,367,1,3,,,0.000775636827677707
670,PATCH,1000,2,0.4,1.0,0.6,0.2,931871119,,50,1,27,,,0.005983812420225323
671,PATCH,1000,2,0.4,1.0,0.6,0.2,931871119,,717,1,2,,,0.0005619826986643602
672,PATCH,1000,2,0.4,1.0,0.6,0.2,931871119,,699,1,2,,,0.0005573917185428688
673,PATCH,1000,2,0.4,1.0,0.6,0.2,931871119,,513,1,2,,,0.0005629093693491106
674,PATCH,1000,2,0.4,1.0,0.6,0.2,931871119,,586,1,3,,,0.0007708531464062811
675,PATCH,1000,2,0.4,1.0,0.6,0.2,931871119,,298,1,9,,,0.002174778825739278
676,PATCH,1000,2,0.4,1.0,0.6,0.2,931871119,,582,1,4,,,0.0010250163162707773
677,PATCH,1000,2,0.4,1.0,0.6,0.2,931871119,,954,1,2,,,0.0006200518009953158
678,PATCH,1000,2,0.4,1.0,0.6,0.2,931871119,,692,1,2,,,0.0005264658880708836
679,PATCH,1000,2,0.4,1.0,0.6,0.2,931871119,,933,1,2,,,0.0005665151205581921
680,PATCH,1000,2,0.4,1.0,0.6,0.2,931871119,,277,1,2,,,0.0005734718442284973
681,PATCH,1000,2,0.4,1.0,0.6,0.2,931871119,,458,1,2,,,0.000558112679063673
682,PATCH,1000,2,0.4,1.0,0.6,0.2,931871119,,536,1,2,,,0.0005676105537394478
683,PATCH,1000,2,0.4,1.0,0.6,0.2,931871119,,328,1,3,,,0.0007630126405682676
684,PATCH,1000,2,0.4,1.0,0.6,0.2,931871119,,386,1,2,,,0.0005399210602808723
685,PATCH,1000,2,0.4,1.0,0.6,0.2,931871119,,509,1,2,,,0.0005841043062465247
686,PATCH,1000,2,0.4,1.0,0.6,0.2,931871119,,910,1,2,,,0.0005791043632936649
687,PATCH,1000,2,0.4,1.0,0.6,0.2,931871119,,745,1,3,,,0.0007882119154961457
688,PATCH,1000,2,0.4,1.0,0.6,0.2,931871119,,967,1,2,,,0.0005603505726896339
689,PATCH,1000,2,0.4,1.0,0.6,0.2,931871119,,259,1,4,,,0.0010265663614680567
690,PATCH,1000,2,0.4,1.0,0.6,0.2,931871119,,736,1,2,,,0.000587498460696374
691,PATCH,1000,2,0.4,1.0,0.6,0.2,931871119,,789,1,3,,,0.0007975237808093158
692,PATCH,1000,2,0.4,1.0,0.6,0.2,931871119,,12,1,8,,,0.0018234591033066128
693,PATCH,1000,2,0.4,1.0,0.6,0.2,931871119,,872,1,2,,,0.0005379742920463215
694,PATCH,1000,2,0.4,1.0,0.6,0.2,931871119,,560,1,2,,,0.0005161478608992229
695,PATCH,1000,2,0.4,1.0,0.6,0.2,931871119,,224,1,7,,,0.0017494614470300119
696,PATCH,1000,2,0.4,1.0,0.6,0.2,931871119,,579,1,2,,,0.0005265829439643394
697,PATCH,1000,2,0.4,1.0,0.6,0.2,931871119,,305,1,2,,,0.0005498523116128892
698,PATCH,1000,2,0.4,1.0,0.6,0.2,931871119,,584,1,2,,,0.0005952320137166759
699,PATCH,1000,2,0.4,1.0,0.6,0.2,931871119,,460,1,2,,,0.0005577951247795122
700,PATCH,1000,2,0.4,1.0,0.6,0.2,931871119,,829,1,2,,,0.0005445850727139218
701,PATCH,1000,2,0.4,1.0,0.6,0.2,931871119,,921,1,2,,,0.0005490275174987675
702,PATCH,1000,2,0.4,1.0,0.6,0.2,931871119,,542,1,3,,,0.0008529579509440454
703,PATCH,1000,2,0.4,1.0,0.6,0.2,931871119,,29,1,9,,,0.0020513411527621193
704,PATCH,1000,2,0.4,1.0,0.6,0.2,931871119,,930,1,3,,,0.0007886118441082199
705,PATCH,1000,2,0.4,1.0,0.6,0.2,931871119,,139,1,4,,,0.000989383300152974
706,PATCH,1000,2,0.4,1.0,0.6,0.2,931871119,,635,1,2,,,0.0005614099000360576
707,PATCH,1000,2,0.4,1.0,0.6,0.2,931871119,,800,1,2,,,0.0005610311168489789
708,PATCH,1000,2,0.4,1.0,0.6,0.2,931871119,,908,1,2,,,0.0005951913831344458
709,PATCH,1000,2,0.4,1.0,0.6,0.2,931871119,,669,1,3,,,0.0008209729763977366
710,PATCH,1000,2,0.4,1.0,0.6,0.2,931871119,,95,1,5,,,0.001194675663778433
711,PATCH,1000,2,0.4,1.0,0.6,0.2,931871119,,407,1,2,,,0.0005565164414910001
712,PATCH,1000,2,0.4,1.0,0.6,0.2,931871119,,427,1,3,,,0.0008089462859433101
713,PATCH,1000,2,0.4,1.0,0.6,0.2,931871119,,999,1,2,,,0.0005494955597256203
714,PATCH,1000,2,0.4,1.0,0.6,0.2,931871119,,524,1,3,,,0.0007958967383922995
715,PATCH,1000,2,0.4,1.0,0.6,0.2,931871119,,574,1,2,,,0.0005556034408073934
716,PATCH,1000,2,0.4,1.0,0.6,0.2,931871119,,955,1,2,,,0.0006097387840582734
717,PATCH,1000,2,0.4,1.0,0.6,0.2,931871119,,956,1,2,,,0.0005597904309584158
718,PATCH,1000,2,0.4,1.0,0.6,0.2,931871119,,799,1,2,,,0.0005547374200310037
719,PATCH,1000,2,0.4,1.0,0.6,0.2,931871119,,839,1,2,,,0.0006240734717309752
720,PATCH,1000,2,0.4,1.0,0.6,0.2,931871119,,663,1,2,,,0.0005368405379318007
721,PATCH,1000,2,0.4,1.0,0.6,0.2,931871119,,258,1,6,,,0.0014971809269808366
722,PATCH,1000,2,0.4,1.0,0.6,0.2,931871119,,190,1,4,,,0.0010132567195859238
723,PATCH,1000,2,0.4,1.0,0.6,0.2,931871119,,931,1,2,,,0.000576304164008322
724,PATCH,1000,2,0.4,1.0,0.6,0.2,931871119,,251,1,4,,,0.001013477391516307
725,PATCH,1000,2,0.4,1.0,0.6,0.2,931871119,,867,1,2,,,0.0005841721987176744
726,PATCH,1000,2,0.4,1.0,0.6,0.2,931871119,,767,1,2,,,0.0005417470121164921
727,PATCH,1000,2,0.4,1.0,0.6,0.2,931871119,,668,1,3,,,0.0008118679881297956
728,PATCH,1000,2,0.4,1.0,0.6,0.2,931871119,,418,1,4,,,0.0010331806860109703
729,PATCH,1000,2,0.4,1.0,0.6,0.2,931871119,,77,1,10,,,0.002273178344687924
730,PATCH,1000,2,0.4,1.0,0.6,0.2,931871119,,528,1,2,,,0.0005406751150278099
731,PATCH,1000,2,0.4,1.0,0.6,0.2,931871119,,296,1,3,,,0.0007641502208007675
732,PATCH,1000,2,0.4,1.0,0.6,0.2,931871119,,900,1,2,,,0.0005633661057986431
733,PATCH,1000,2,0.4,1.0,0.6,0.2,931871119,,769,1,2,,,0.0005866538389837835
734,PATCH,1000,2,0.4,1.0,0.6,0.2,931871119,,499,1,2,,,0.0006083479666713757
735,PATCH,1000,2,0.4,1.0,0.6,0.2,931871119,,399,1,4,,,0.001029007691558478
736,PATCH,1000,2,0.4,1.0,0.6,0.2,931871119,,428,1,4,,,0.0010759324253932655
737,PATCH,1000,2,0.4,1.0,0.6,0.2,931871119,,561,1,2,,,0.0005658894795625025
738,PATCH,1000,2,0.4,1.0,0.6,0.2,931871119,,636,1,2,,,0.0005298001551346182
739,PATCH,1000,2,0.4,1.0,0.6,0.2,931871119,,215,1,2,,,0.0005431615566105374
740,PATCH,1000,2,0.4,1.0,0.6,0.2,931871119,,30,1,14,,,0.0030330436086996823
741,PATCH,1000,2,0.4,1.0,0.6,0.2,931871119,,939,1,2,,,0.0005886369537000916
742,PATCH,1000,2,0.4,1.0,0.6,0.2,931871119,,922,1,2,,,0.0005494708160302057
743,PATCH,1000,2,0.4,1.0,0.6,0.2,931871119,,145,1,3,,,0.0007634355234529194
744,PATCH,1000,2,0.4,1.0,0.6,0.2,931871119,,464,1,2,,,0.0005655275111455943
745,PATCH,1000,2,0.4,1.0,0.6,0.2,931871119,,530,1,3,,,0.0007708399579409973
746,PATCH,1000,2,0.4,1.0,0.6,0.2,931871119,,295,1,4,,,0.0010201653570271996
747,PATCH,1000,2,0.4,1.0,0.6,0.2,931871119,,611,1,3,,,0.0008005809175302336
748,PATCH,1000,2,0.4,1.0,0.6,0.2,931871119,,616,1,4,,,0.0009912290150886226
749,PATCH,1000,2,0.4,1.0,0.6,0.2,931871119,,887,1,2,,,0.0006236429144779666
750,PATCH,1000,2,0.4,1.0,0.6,0.2,931871119,,977,1,2,,,0.0005465024068564757
751,PATCH,1000,2,0.4,1.0,0.6,0.2,931871119,,594,1,3,,,0.0007722593999146996
752,PATCH,1000,2,0.4,1.0,0.6,0.2,931871119,,805,1,2,,,0.0006040289778876083
753,PATCH,1000,2,0.4,1.0,0.6,0.2,931871119,,181,1,2,,,0.0005425233074031452
754,PATCH,1000,2,0.4,1.0,0.6,0.2,931871119,,347,1,5,,,0.0012279648683516098
755,PATCH,1000,2,0.4,1.0,0.6,0.2,931871119,,292,1,2,,,0.0005382833342400681
756,PATCH,1000,2,0.4,1.0,0.6,0.2,931871119,,165,1,5,,,0.0012116388303413973
757,PATCH,1000,2,0.4,1.0,0.6,0.2,931871119,,883,1,2,,,0.0005738041833984143
758,PATCH,1000,2,0.4,1.0,0.6,0.2,931871119,,106,1,6,,,0.0014203933598266741
759,PATCH,1000,2,0.4,1.0,0.6,0.2,931871119,,183,1,2,,,0.0005159575291306175
760,PATCH,1000,2,0.4,1.0,0.6,0.2,931871119,,403,1,9,,,0.002145571495741657
761,PATCH,1000,2,0.4,1.0,0.6,0.2,931871119,,168,1,4,,,0.001016971119902906
762,PATCH,1000,2,0.4,1.0,0.6,0.2,931871119,,317,1,2,,,0.0005428516380641154
763,PATCH,1000,2,0.4,1.0,0.6,0.2,931871119,,46,1,12,,,0.0027523403556592723
764,PATCH,1000,2,0.4,1.0,0.6,0.2,931871119,,890,1,2,,,0.0006168396977524363
765,PATCH,1000,2,0.4,1.0,0.6,0.2,931871119,,969,1,2,,,0.0006356065021627558
766,PATCH,1000,2,0.4,1.0,0.6,0.2,931871119,,798,1,2,,,0.0005620226299713312
767,PATCH,1000,2,0.4,1.0,0.6,0.2,931871119,,345,1,6,,,0.0014924529864193588
768,PATCH,1000,2,0.4,1.0,0.6,0.2,931871119,,857,1,3,,,0.000853141312329112
769,PATCH,1000,2,0.4,1.0,0.6,0.2,931871119,,743,1,5,,,0.001233009163907547
770,PATCH,1000,2,0.4,1.0,0.6,0.2,931871119,,54,1,11,,,0.0025210019088549663
771,PATCH,1000,2,0.4,1.0,0.6,0.2,931871119,,858,1,2,,,0.0005440380315529227
772,PATCH,1000,2,0.4,1.0,0.6,0.2,931871119,,738,1,2,,,0.0005521324699279301
773,PATCH,1000,2,0.4,1.0,0.6,0.2,931871119,,266,1,3,,,0.0007778811082218244
774,PATCH,1000,2,0.4,1.0,0.6,0.2,931871119,,133,1,3,,,0.0007681002165191537
775,PATCH,1000,2,0.4,1.0,0.6,0.2,931871119,,812,1,2,,,0.0005893078281252676
776,PATCH,1000,2,0.4,1.0,0.6,0.2,931871119,,585,1,2,,,0.0005930536239999961
777,PATCH,1000,2,0.4,1.0,0.6,0.2,931871119,,824,1,2,,,0.000581908725098597
778,PATCH,1000,2,0.4,1.0,0.6,0.2,931871119,,629,1,3,,,0.000768655286261656
779,PATCH,1000,2,0.4,1.0,0.6,0.2,931871119,,593,1,3,,,0.0007806269767988392
780,PATCH,1000,2,0.4,1.0,0.6,0.2,931871119,,246,1,4,,,0.0009635251685631029
781,PATCH,1000,2,0.4,1.0,0.6,0.2,931871119,,761,1,2,,,0.000561988525826892
782,PATCH,1000,2,0.4,1.0,0.6,0.2,931871119,,360,1,2,,,0.00057350644219044
783,PATCH,1000,2,0.4,1.0,0.6,0.2,931871119,,689,1,2,,,0.0005756003225973051
784,PATCH,1000,2,0.4,1.0,0.6,0.2,931871119,,719,1,2,,,0.0005740797970862307
785,PATCH,1000,2,0.4,1.0,0.6,0.2,931871119,,674,1,4,,,0.001059628394046716
786,PATCH,1000,2,0.4,1.0,0.6,0.2,931871119,,992,1,2,,,0.0005604166382780603
787,PATCH,1000,2,0.4,1.0,0.6,0.2,931871119,,134,1,5,,,0.001182131539742062
788,PATCH,1000,2,0.4,1.0,0.6,0.2,931871119,,925,1,2,,,0.0005744401123566665
789,PATCH,1000,2,0.4,1.0,0.6,0.2,931871119,,597,1,4,,,0.0010048609216604955
790,PATCH,1000,2,0.4,1.0,0.6,0.2,931871119,,784,1,3,,,0.0007927090678899562
791,PATCH,1000,2,0.4,1.0,0.6,0.2,931871119,,155,1,4,,,0.0010023447789394811
792,PATCH,1000,2,0.4,1.0,0.6,0.2,931871119,,184,1,3,,,0.0007556331123492885
793,PATCH,1000,2,0.4,1.0,0.6,0.2,931871119,,496,1,3,,,0.0007821509249037631
794,PATCH,1000,2,0.4,1.0,0.6,0.2,931871119,,817,1,3,,,0.0007778843725339088
795,PATCH,1000,2,0.4,1.0,0.6,0.2,931871119,,270,1,2,,,0.0005366787318539517
796,PATCH,1000,2,0.4,1.0,0.6,0.2,931871119,,22,1,6,,,0.0013829391177995656
797,PATCH,1000,2,0.4,1.0,0.6,0.2,931871119,,132,1,8,,,0.0018857180373348537
798,PATCH,1000,2,0.4,1.0,0.6,0.2,931871119,,223,1,6,,,0.0014891765544084495
799,PATCH,1000,2,0.4,1.0,0.6,0.2,931871119,,274,1,6,,,0.0014635830547632235
800,PATCH,1000,2,0.4,1.0,0.6,0.2,931871119,,720,1,2,,,0.0005767464747961155
801,PATCH,1000,2,0.4,1.0,0.6,0.2,931871119,,711,1,2,,,0.0005513190849679145
802,PATCH,1000,2,0.4,1.0,0.6,0.2,931871119,,860,1,2,,,0.0005883097733002168
803,PATCH,1000,2,0.4,1.0,0.6,0.2,931871119,,426,1,3,,,0.0008431181209746783
804,PATCH,1000,2,0.4,1.0,0.6,0.2,931871119,,927,1,2,,,0.0005436867175578789
805,PATCH,1000,2,0.4,1.0,0.6,0.2,931871119,,23,1,16,,,0.003446001648029693
806,PATCH,1000,2,0.4,1.0,0.6,0.2,931871119,,169,1,8,,,0.0019749344724500446
807,PATCH,1000,2,0.4,1.0,0.6,0.2,931871119,,554,1,3,,,0.0007767005494461054
808,PATCH,1000,2,0.4,1.0,0.6,0.2,931871119,,940,1,2,,,0.0005827791086279886
809,PATCH,1000,2,0.4,1.0,0.6,0.2,931871119,,935,1,2,,,0.0005882277557190017
810,PATCH,1000,2,0.4,1.0,0.6,0.2,931871119,,609,1,2,,,0.0005669055390284481
811,PATCH,1000,2,0.4,1.0,0.6,0.2,931871119,,625,1,3,,,0.0007624087989150446
812,PATCH,1000,2,0.4,1.0,0.6,0.2,931871119,,454,1,3,,,0.0008025161173391742
813,PATCH,1000,2,0.4,1.0,0.6,0.2,931871119,,605,1,2,,,0.000552876613670703
814,PATCH,1000,2,0.4,1.0,0.6,0.2,931871119,,438,1,2,,,0.0005553209996956488
815,PATCH,1000,2,0.4,1.0,0.6,0.2,931871119,,101,1,5,,,0.0012418038634977925
816,PATCH,1000,2,0.4,1.0,0.6,0.2,931871119,,204,1,5,,,0.0012190349305325398
817,PATCH,1000,2,0.4,1.0,0.6,0.2,931871119,,583,1,2,,,0.0005743584640121783
818,PATCH,1000,2,0.4,1.0,0.6,0.2,931871119,,293,1,2,,,0.0005269967082039609
819,PATCH,1000,2,0.4,1.0,0.6,0.2,931871119,,604,1,4,,,0.0010346980968707154
820,PATCH,1000,2,0.4,1.0,0.6,0.2,931871119,,932,1,2,,,0.0005544391990529327
821,PATCH,1000,2,0.4,1.0,0.6,0.2,931871119,,786,1,2,,,0.0005586617701305445
822,PATCH,1000,2,0.4,1.0,0.6,0.2,931871119,,238,1,7,,,0.0016546167905017231
823,PATCH,1000,2,0.4,1.0,0.6,0.2,931871119,,247,1,4,,,0.001003204464388331
824,PATCH,1000,2,0.4,1.0,0.6,0.2,931871119,,93,1,3,,,0.0007507500738806705
825,PATCH,1000,2,0.4,1.0,0.6,0.2,931871119,,319,1,3,,,0.00080330023025896
826,PATCH,1000,2,0.4,1.0,0.6,0.2,931871119,,559,1,3,,,0.0007953854248156869
827,PATCH,1000,2,0.4,1.0,0.6,0.2,931871119,,572,1,4,,,0.0009736446885289866
828,PATCH,1000,2,0.4,1.0,0.6,0.2,931871119,,411,1,3,,,0.0008040527575607024
829,PATCH,1000,2,0.4,1.0,0.6,0.2,931871119,,176,1,4,,,0.0010384981954437017
830,PATCH,1000,2,0.4,1.0,0.6,0.2,931871119,,260,1,4,,,0.0010181257838384355
831,PATCH,1000,2,0.4,1.0,0.6,0.2,931871119,,384,1,4,,,0.0009988412705837363
832,PATCH,1000,2,0.4,1.0,0.6,0.2,931871119,,279,1,2,,,0.0005418648194132655
833,PATCH,1000,2,0.4,1.0,0.6,0.2,931871119,,831,1,3,,,0.0007619299040800858
834,PATCH,1000,2,0.4,1.0,0.6,0.2,931871119,,36,1,9,,,0.0019965531980643044
835,PATCH,1000,2,0.4,1.0,0.6,0.2,931871119,,601,1,2,,,0.0005854895517199109
836,PATCH,1000,2,0.4,1.0,0.6,0.2,931871119,,570,1,2,,,0.0005779444634469125
837,PATCH,1000,2,0.4,1.0,0.6,0.2,931871119,,53,1,9,,,0.002116051114218501
838,PATCH,1000,2,0.4,1.0,0.6,0.2,931871119,,401,1,2,,,0.000564874857400883
839,PATCH,1000,2,0.4,1.0,0.6,0.2,931871119,,987,1,2,,,0.0005812710377642122
840,PATCH,1000,2,0.4,1.0,0.6,0.2,931871119,,681,1,2,,,0.0005627962210301455
841,PATCH,1000,2,0.4,1.0,0.6,0.2,931871119,,237,1,4,,,0.0009881992062717958
842,PATCH,1000,2,0.4,1.0,0.6,0.2,931871119,,806,1,3,,,0.0008091828102523961
843,PATCH,1000,2,0.4,1.0,0.6,0.2,931871119,,654,1,2,,,0.0005177573100071638
844,PATCH,1000,2,0.4,1.0,0.6,0.2,931871119,,675,1,5,,,0.0012556425192896024
845,PATCH,1000,2,0.4,1.0,0.6,0.2,931871119,,318,1,6,,,0.0014561413851989472
846,PATCH,1000,2,0.4,1.0,0.6,0.2,931871119,,436,1,2,,,0.0005731568516295067
847,PATCH,1000,2,0.4,1.0,0.6,0.2,931871119,,749,1,2,,,0.0005620867775712596
848,PATCH,1000,2,0.4,1.0,0.6,0.2,931871119,,996,1,2,,,0.0005276517822766759
849,PATCH,1000,2,0.4,1.0,0.6,0.2,931871119,,363,1,2,,,0.0005544715417094312
850,PATCH,1000,2,0.4,1.0,0.6,0.2,931871119,,523,1,2,,,0.0005798361423138508
851,PATCH,1000,2,0.4,1.0,0.6,0.2,931871119,,780,1,2,,,0.0006014813792805392
852,PATCH,1000,2,0.4,1.0,0.6,0.2,931871119,,193,1,4,,,0.0009958203682746448
853,PATCH,1000,2,0.4,1.0,0.6,0.2,931871119,,797,1,2,,,0.0005667079637165008
854,PATCH,1000,2,0.4,1.0,0.6,0.2,931871119,,742,1,2,,,0.0005626124991511517
855,PATCH,1000,2,0.4,1.0,0.6,0.2,931871119,,334,1,2,,,0.0005650320369767538
856,PATCH,1000,2,0.4,1.0,0.6,0.2,931871119,,685,1,2,,,0.0005504799095381107
857,PATCH,1000,2,0.4,1.0,0.6,0.2,931871119,,747,1,3,,,0.0008593204266954699
858,PATCH,1000,2,0.4,1.0,0.6,0.2,931871119,,19,1,10,,,0.002259184596269984
859,PATCH,1000,2,0.4,1.0,0.6,0.2,931871119,,150,1,5,,,0.001208126564124662
860,PATCH,1000,2,0.4,1.0,0.6,0.2,931871119,,544,1,2,,,0.0005582123358816746
861,PATCH,1000,2,0.4,1.0,0.6,0.2,931871119,,282,1,2,,,0.0005771380720230855
862,PATCH,1000,2,0.4,1.0,0.6,0.2,931871119,,45,1,17,,,0.0038131041897815445
863,PATCH,1000,2,0.4,1.0,0.6,0.2,931871119,,310,1,2,,,0.0005404189294548064
864,PATCH,1000,2,0.4,1.0,0.6,0.2,931871119,,834,1,2,,,0.0005382183238445939
865,PATCH,1000,2,0.4,1.0,0.6,0.2,931871119,,396,1,8,,,0.0019806620847719223
866,PATCH,1000,2,0.4,1.0,0.6,0.2,931871119,,566,1,2,,,0.0005870455384651962
867,PATCH,1000,2,0.4,1.0,0.6,0.2,931871119,,750,1,2,,,0.0005439278637683284
868,PATCH,1000,2,0.4,1.0,0.6,0.2,931871119,,398,1,2,,,0.0005499246500238912
869,PATCH,1000,2,0.4,1.0,0.6,0.2,931871119,,451,1,2,,,0.000546803563979224
870,PATCH,1000,2,0.4,1.0,0.6,0.2,931871119,,474,1,3,,,0.0007887707629195771
871,PATCH,1000,2,0.4,1.0,0.6,0.2,931871119,,581,1,2,,,0.0005787817143955187
872,PATCH,1000,2,0.4,1.0,0.6,0.2,931871119,,364,1,2,,,0.0005503369697199693
873,PATCH,1000,2,0.4,1.0,0.6,0.2,931871119,,153,1,5,,,0.0011957779400457629
874,PATCH,1000,2,0.4,1.0,0.6,0.2,931871119,,575,1,2,,,0.0005607694844141226
875,PATCH,1000,2,0.4,1.0,0.6,0.2,931871119,,484,1,3,,,0.0007803732124627214
876,PATCH,1000,2,0.4,1.0,0.6,0.2,931871119,,349,1,2,,,0.0005556474014070664
877,PATCH,1000,2,0.4,1.0,0.6,0.2,931871119,,602,1,2,,,0.0005538579513434217
878,PATCH,1000,2,0.4,1.0,0.6,0.2,931871119,,3,1,41,,,0.008908502745879841
879,PATCH,1000,2,0.4,1.0,0.6,0.2,931871119,,456,1,6,,,0.0015161858332312095
880,PATCH,1000,2,0.4,1.0,0.6,0.2,931871119,,110,1,8,,,0.001939770438515613
881,PATCH,1000,2,0.4,1.0,0.6,0.2,931871119,,140,1,6,,,0.0014815308701238159
882,PATCH,1000,2,0.4,1.0,0.6,0.2,931871119,,286,1,5,,,0.0012918815073072205
883,PATCH,1000,2,0.4,1.0,0.6,0.2,931871119,,535,1,2,,,0.0005185015191828627
884,PATCH,1000,2,0.4,1.0,0.6,0.2,931871119,,673,1,4,,,0.0010126848735672936
885,PATCH,1000,2,0.4,1.0,0.6,0.2,931871119,,677,1,2,,,0.0005565582877876126
886,PATCH,1000,2,0.4,1.0,0.6,0.2,931871119,,895,1,2,,,0.0005468189408199647
887,PATCH,1000,2,0.4,1.0,0.6,0.2,931871119,,273,1,4,,,0.0009963397379369255
888,PATCH,1000,2,0.4,1.0,0.6,0.2,931871119,,143,1,3,,,0.0007730308881494334
889,PATCH,1000,2,0.4,1.0,0.6,0.2,931871119,,558,1,2,,,0.0005371654953157713
890,PATCH,1000,2,0.4,1.0,0.6,0.2,931871119,,676,1,5,,,0.0012684896919994597
891,PATCH,1000,2,0.4,1.0,0.6,0.2,931871119,,170,1,3,,,0.0007366030361139142
892,PATCH,1000,2,0.4,1.0,0.6,0.2,931871119,,87,1,5,,,0.0012118904253591595
893,PATCH,1000,2,0.4,1.0,0.6,0.2,931871119,,957,1,2,,,0.0005778756884781982
894,PATCH,1000,2,0.4,1.0,0.6,0.2,931871119,,390,1,2,,,0.000545947248755975
895,PATCH,1000,2,0.4,1.0,0.6,0.2,931871119,,546,1,3,,,0.0007784580452336105
896,PATCH,1000,2,0.4,1.0,0.6,0.2,931871119,,83,1,11,,,0.002587267447600906
897,PATCH,1000,2,0.4,1.0,0.6,0.2,931871119,,573,1,2,,,0.0005413018416247158
898,PATCH,1000,2,0.4,1.0,0.6,0.2,931871119,,197,1,6,,,0.0014401130640023837
899,PATCH,1000,2,0.4,1.0,0.6,0.2,931871119,,795,1,2,,,0.0005596689282125163
900,PATCH,1000,2,0.4,1.0,0.6,0.2,931871119,,44,1,13,,,0.00297258597716029
901,PATCH,1000,2,0.4,1.0,0.6,0.2,931871119,,770,1,2,,,0.000532076662973806
902,PATCH,1000,2,0.4,1.0,0.6,0.2,931871119,,716,1,2,,,0.0006057615469333052
903,PATCH,1000,2,0.4,1.0,0.6,0.2,931871119,,98,1,10,,,0.0023163968135085505
904,PATCH,1000,2,0.4,1.0,0.6,0.2,931871119,,326,1,4,,,0.0009793280982938065
905,PATCH,1000,2,0.4,1.0,0.6,0.2,931871119,,658,1,2,,,0.0005339168647572563
906,PATCH,1000,2,0.4,1.0,0.6,0.2,931871119,,667,1,2,,,0.0005616807836424082
907,PATCH,1000,2,0.4,1.0,0.6,0.2,931871119,,517,1,2,,,0.000565028096224877
908,PATCH,1000,2,0.4,1.0,0.6,0.2,931871119,,744,1,2,,,0.0005372221731389416
909,PATCH,1000,2,0.4,1.0,0.6,0.2,931871119,,515,1,2,,,0.0005415074824483924
910,PATCH,1000,2,0.4,1.0,0.6,0.2,931871119,,807,1,2,,,0.0005427735073347642
911,PATCH,1000,2,0.4,1.0,0.6,0.2,931871119,,191,1,6,,,0.0014371265970624747
912,PATCH,1000,2,0.4,1.0,0.6,0.2,931871119,,787,1,2,,,0.0005486060379573242
913,PATCH,1000,2,0.4,1.0,0.6,0.2,931871119,,914,1,2,,,0.0005771006874127066
914,PATCH,1000,2,0.4,1.0,0.6,0.2,931871119,,626,1,2,,,0.0005400303531026577
915,PATCH,1000,2,0.4,1.0,0.6,0.2,931871119,,331,1,4,,,0.001022709809605082
916,PATCH,1000,2,0.4,1.0,0.6,0.2,931871119,,146,1,8,,,0.001888022378943818
917,PATCH,1000,2,0.4,1.0,0.6,0.2,931871119,,373,1,2,,,0.0005508768674571315
918,PATCH,1000,2,0.4,1.0,0.6,0.2,931871119,,121,1,4,,,0.0009736990143813425
919,PATCH,1000,2,0.4,1.0,0.6,0.2,931871119,,466,1,2,,,0.0005587224758425752
920,PATCH,1000,2,0.4,1.0,0.6,0.2,931871119,,67,1,3,,,0.0007479315235140667
921,PATCH,1000,2,0.4,1.0,0.6,0.2,931871119,,127,1,2,,,0.0005261807078384464
922,PATCH,1000,2,0.4,1.0,0.6,0.2,931871119,,129,1,2,,,0.0005489207202784425
923,PATCH,1000,2,0.4,1.0,0.6,0.2,931871119,,119,1,8,,,0.001881728152565282
924,PATCH,1000,2,0.4,1.0,0.6,0.2,931871119,,989,1,2,,,0.0005640176183937974
925,PATCH,1000,2,0.4,1.0,0.6,0.2,931871119,,405,1,4,,,0.001013229297478926
926,PATCH,1000,2,0.4,1.0,0.6,0.2,931871119,,210,1,2,,,0.0005302281444753366
927,PATCH,1000,2,0.4,1.0,0.6,0.2,931871119,,332,1,2,,,0.0005377889798717793
928,PATCH,1000,2,0.4,1.0,0.6,0.2,931871119,,556,1,3,,,0.0007844613853718808
929,PATCH,1000,2,0.4,1.0,0.6,0.2,931871119,,340,1,3,,,0.0008030624158137305
930,PATCH,1000,2,0.4,1.0,0.6,0.2,931871119,,78,1,3,,,0.0007758631533398033
931,PATCH,1000,2,0.4,1.0,0.6,0.2,931871119,,92,1,3,,,0.0007628095986110661
932,PATCH,1000,2,0.4,1.0,0.6,0.2,931871119,,478,1,2,,,0.0005269805653596106
933,PATCH,1000,2,0.4,1.0,0.6,0.2,931871119,,160,1,2,,,0.0005410943955099904
934,PATCH,1000,2,0.4,1.0,0.6,0.2,931871119,,302,1,2,,,0.0005631632802809314
935,PATCH,1000,2,0.4,1.0,0.6,0.2,931871119,,383,1,5,,,0.0012126425153289307
936,PATCH,1000,2,0.4,1.0,0.6,0.2,931871119,,459,1,2,,,0.0005351100675903106
937,PATCH,1000,2,0.4,1.0,0.6,0.2,931871119,,988,1,2,,,0.0005793933839999982
938,PATCH,1000,2,0.4,1.0,0.6,0.2,931871119,,826,1,2,,,0.0005515225797321314
939,PATCH,1000,2,0.4,1.0,0.6,0.2,931871119,,105,1,5,,,0.0011722499240663618
940,PATCH,1000,2,0.4,1.0,0.6,0.2,931871119,,351,1,7,,,0.001675274051457515
941,PATCH,1000,2,0.4,1.0,0.6,0.2,931871119,,855,1,3,,,0.0008283737790915679
942,PATCH,1000,2,0.4,1.0,0.6,0.2,931871119,,640,1,2,,,0.000571257835552475
943,PATCH,1000,2,0.4,1.0,0.6,0.2,931871119,,555,1,5,,,0.001230328871050003
944,PATCH,1000,2,0.4,1.0,0.6,0.2,931871119,,790,1,3,,,0.0007821991499288172
945,PATCH,1000,2,0.4,1.0,0.6,0.2,931871119,,688,1,2,,,0.0005534203716682322
946,PATCH,1000,2,0.4,1.0,0.6,0.2,931871119,,173,1,5,,,0.0012319261784099114
947,PATCH,1000,2,0.4,1.0,0.6,0.2,931871119,,394,1,2,,,0.0005591474962492567
948,PATCH,1000,2,0.4,1.0,0.6,0.2,931871119,,241,1,2,,,0.0005273151166646645
949,PATCH,1000,2,0.4,1.0,0.6,0.2,931871119,,64,1,5,,,0.0011815991631491014
950,PATCH,1000,2,0.4,1.0,0.6,0.2,931871119,,172,1,8,,,0.0019026255471168787
951,PATCH,1000,2,0.4,1.0,0.6,0.2,931871119,,836,1,2,,,0.0005177737215461531
952,PATCH,1000,2,0.4,1.0,0.6,0.2,931871119,,81,1,9,,,0.0020275832081577336
953,PATCH,1000,2,0.4,1.0,0.6,0.2,931871119,,912,1,2,,,0.0005551145492807587
954,PATCH,1000,2,0.4,1.0,0.6,0.2,931871119,,244,1,5,,,0.0012385414756053263
955,PATCH,1000,2,0.4,1.0,0.6,0.2,931871119,,827,1,2,,,0.0005393643290231679
956,PATCH,1000,2,0.4,1.0,0.6,0.2,931871119,,481,1,2,,,0.0005249468615163736
957,PATCH,1000,2,0.4,1.0,0.6,0.2,931871119,,978,1,2,,,0.0005503369697199693
958,PATCH,1000,2,0.4,1.0,0.6,0.2,931871119,,916,1,2,,,0.0005631593815361239
959,PATCH,1000,2,0.4,1.0,0.6,0.2,931871119,,721,1,3,,,0.0007603518775456435
960,PATCH,1000,2,0.4,1.0,0.6,0.2,931871119,,888,1,2,,,0.0005940756753691395
961,PATCH,1000,2,0.4,1.0,0.6,0.2,931871119,,760,1,2,,,0.0005261616566622499
962,PATCH,1000,2,0.4,1.0,0.6,0.2,931871119,,125,1,3,,,0.0007770474870805843
963,PATCH,1000,2,0.4,1.0,0.6,0.2,931871119,,884,1,3,,,0.0008264518086886583
964,PATCH,1000,2,0.4,1.0,0.6,0.2,931871119,,245,1,3,,,0.0008089607464575161
965,PATCH,1000,2,0.4,1.0,0.6,0.2,931871119,,541,1,8,,,0.0020656562034665764
966,PATCH,1000,2,0.4,1.0,0.6,0.2,931871119,,468,1,2,,,0.0005372074493528689
967,PATCH,1000,2,0.4,1.0,0.6,0.2,931871119,,40,1,7,,,0.001627478131198642
968,PATCH,1000,2,0.4,1.0,0.6,0.2,931871119,,315,1,6,,,0.0014821423276870512
969,PATCH,1000,2,0.4,1.0,0.6,0.2,931871119,,865,1,2,,,0.0006005178029575867
970,PATCH,1000,2,0.4,1.0,0.6,0.2,931871119,,646,1,2,,,0.0005605253334360422
971,PATCH,1000,2,0.4,1.0,0.6,0.2,931871119,,446,1,3,,,0.0008113798851353945
972,PATCH,1000,2,0.4,1.0,0.6,0.2,931871119,,710,1,2,,,0.0005891018381251739
973,PATCH,1000,2,0.4,1.0,0.6,0.2,931871119,,874,1,2,,,0.0005322683929978195
974,PATCH,1000,2,0.4,1.0,0.6,0.2,931871119,,923,1,2,,,0.0005524803572469012
975,PATCH,1000,2,0.4,1.0,0.6,0.2,931871119,,89,1,4,,,0.0009883383183141021
976,PATCH,1000,2,0.4,1.0,0.6,0.2,931871119,,342,1,4,,,0.0009800820637263848
977,PATCH,1000,2,0.4,1.0,0.6,0.2,931871119,,167,1,4,,,0.0009712332305754784
978,PATCH,1000,2,0.4,1.0,0.6,0.2,931871119,,300,1,4,,,0.0010058973450362298
979,PATCH,1000,2,0.4,1.0,0.6,0.2,931871119,,821,1,3,,,0.0008100726047724799
980,PATCH,1000,2,0.4,1.0,0.6,0.2,931871119,,239,1,4,,,0.0010075287637209347
981,PATCH,1000,2,0.4,1.0,0.6,0.2,931871119,,576,1,3,,,0.0008058085308080727
982,PATCH,1000,2,0.4,1.0,0.6,0.2,931871119,,752,1,3,,,0.000798553838591937
983,PATCH,1000,2,0.4,1.0,0.6,0.2,931871119,,120,1,3,,,0.00075448205790319
984,PATCH,1000,2,0.4,1.0,0.6,0.2,931871119,,276,1,6,,,0.0015426924625169722
985,PATCH,1000,2,0.4,1.0,0.6,0.2,931871119,,564,1,3,,,0.0008277962723681567
986,PATCH,1000,2,0.4,1.0,0.6,0.2,931871119,,350,1,3,,,0.0008073129592715609
987,PATCH,1000,2,0.4,1.0,0.6,0.2,931871119,,709,1,3,,,0.0007465924254424263
988,PATCH,1000,2,0.4,1.0,0.6,0.2,931871119,,522,1,2,,,0.0005515419323260692
989,PATCH,1000,2,0.4,1.0,0.6,0.2,931871119,,311,1,6,,,0.0014421647626479107
990,PATCH,1000,2,0.4,1.0,0.6,0.2,931871119,,491,1,2,,,0.0005261741335635813
991,PATCH,1000,2,0.4,1.0,0.6,0.2,931871119,,671,1,3,,,0.0007572268059529583
992,PATCH,1000,2,0.4,1.0,0.6,0.2,931871119,,433,1,4,,,0.001041020357915333
993,PATCH,1000,2,0.4,1.0,0.6,0.2,931871119,,512,1,2,,,0.0005695090212501821
994,PATCH,1000,2,0.4,1.0,0.6,0.2,931871119,,995,1,2,,,0.0006145036587415164
995,PATCH,1000,2,0.4,1.0,0.6,0.2,931871119,,510,1,2,,,0.0005463456076999712
996,PATCH,1000,2,0.4,1.0,0.6,0.2,931871119,,152,1,2,,,0.0005603336130834639
997,PATCH,1000,2,0.4,1.0,0.6,0.2,931871119,,5,1,28,,,0.006045970998306981
998,PATCH,1000,2,0.4,1.0,0.6,0.2,931871119,,316,1,4,,,0.0010414402540837194
999,PATCH,1000,2,0.4,1.0,0.6,0.2,931871119,,545,1,2,,,0.0005640421895350037
